0.000000 -0.000000
0.004000 -0.000000
0.008000 -0.000000
0.012000 -0.000000
0.016000 -0.000000
0.020000 -0.000000
0.024000 -0.000000
0.028000 -0.000000
0.032000 -0.000000
0.036000 -0.000000
0.040000 -0.000000
0.044000 -0.000000
0.048000 -0.000000
0.052000 -0.000000
0.056000 -0.000000
0.060000 -0.000000
0.064000 -0.000000
0.068000 -0.000000
0.072000 -0.000000
0.076000 -0.000000
0.080000 -0.000000
0.084000 -0.000000
0.088000 -0.000000
0.092000 -0.000000
0.096000 -0.000000
0.100000 -0.000000
0.104000 -0.000000
0.108000 -0.000000
0.112000 -0.000000
0.116000 -0.000000
0.120000 -0.000000
0.124000 -0.000000
0.128000 -0.000000
0.132000 -0.000000
0.136000 -0.000000
0.140000 -0.000000
0.144000 -0.000000
0.148000 -0.000000
0.152000 -0.000000
0.156000 -0.000000
0.160000 -0.000000
0.164000 -0.000000
0.168000 -0.000000
0.172000 -0.000000
0.176000 -0.000000
0.180000 -0.000000
0.184000 -0.000000
0.188000 -0.000000
0.192000 -0.000000
0.196000 -0.000000
0.200000 -0.000000
0.204000 -0.000000
0.208000 -0.000000
0.212000 -0.000000
0.216000 -0.000000
0.220000 -0.000000
0.224000 -0.000000
0.228000 -0.000000
0.232000 -0.000000
0.236000 -0.000000
0.240000 -0.000000
0.244000 -0.000000
0.248000 -0.000000
0.252000 -0.000000
0.256000 -0.000000
0.260000 -0.000000
0.264000 -0.000000
0.268000 -0.000000
0.272000 -0.000000
0.276000 -0.000000
0.280000 -0.000000
0.284000 -0.000000
0.288000 -0.000000
0.292000 -0.000000
0.296000 -0.000000
0.300000 -0.000000
0.304000 -0.000000
0.308000 -0.000000
0.312000 -0.000000
0.316000 -0.000000
0.320000 -0.000000
0.324000 -0.000000
0.328000 -0.000000
0.332000 -0.000000
0.336000 -0.000000
0.340000 -0.000000
0.344000 -0.000000
0.348000 -0.000000
0.352000 -0.000000
0.356000 -0.000000
0.360000 -0.000000
0.364000 -0.000000
0.368000 -0.000000
0.372000 -0.000000
0.376000 -0.000000
0.380000 -0.000000
0.384000 -0.000000
0.388000 -0.000000
0.392000 -0.000000
0.396000 -0.000000
0.400000 -0.000000
0.404000 -0.000000
0.408000 -0.000000
0.412000 -0.000000
0.416000 -0.000000
0.420000 -0.000000
0.424000 -0.000000
0.428000 -0.000000
0.432000 -0.000000
0.436000 -0.000000
0.440000 -0.000000
0.444000 -0.000000
0.448000 -0.000000
0.452000 -0.000000
0.456000 -0.000000
0.460000 -0.000000
0.464000 -0.000000
0.468000 -0.000000
0.472000 -0.000000
0.476000 -0.000000
0.480000 -0.000000
0.484000 -0.000000
0.488000 -0.000000
0.492000 -0.000000
0.496000 -0.000000
0.500000 -0.000000
0.504000 -0.000000
0.508000 -0.000000
0.512000 -0.000000
0.516000 -0.000000
0.520000 -0.000000
0.524000 -0.000000
0.528000 -0.000000
0.532000 -0.000000
0.536000 -0.000000
0.540000 -0.000000
0.544000 -0.000000
0.548000 -0.000000
0.552000 -0.000000
0.556000 -0.000000
0.560000 -0.000000
0.564000 -0.000000
0.568000 -0.000000
0.572000 -0.000000
0.576000 -0.000000
0.580000 -0.000000
0.584000 -0.000000
0.588000 -0.000000
0.592000 -0.000000
0.596000 -0.000000
0.600000 -0.000000
0.604000 -0.000000
0.608000 -0.000000
0.612000 -0.000000
0.616000 -0.000000
0.620000 -0.000000
0.624000 -0.000000
0.628000 -0.000000
0.632000 -0.000000
0.636000 -0.000000
0.640000 -0.000000
0.644000 -0.000000
0.648000 -0.000000
0.652000 -0.000000
0.656000 -0.000000
0.660000 -0.000000
0.664000 -0.000000
0.668000 -0.000000
0.672000 -0.000000
0.676000 -0.000000
0.680000 -0.000000
0.684000 -0.000000
0.688000 -0.000000
0.692000 -0.000000
0.696000 -0.000000
0.700000 -0.000000
0.704000 -0.000000
0.708000 -0.000000
0.712000 -0.000000
0.716000 -0.000000
0.720000 -0.000000
0.724000 -0.000000
0.728000 -0.000000
0.732000 -0.000000
0.736000 -0.000000
0.740000 -0.000000
0.744000 -0.000000
0.748000 -0.000000
0.752000 -0.000000
0.756000 -0.000000
0.760000 -0.000000
0.764000 -0.000000
0.768000 -0.000000
0.772000 -0.000000
0.776000 -0.000000
0.780000 -0.000000
0.784000 -0.000000
0.788000 -0.000000
0.792000 -0.000000
0.796000 -0.000000
0.800000 -0.000000
0.804000 -0.000000
0.808000 -0.000000
0.812000 -0.000000
0.816000 -0.000000
0.820000 -0.000000
0.824000 -0.000000
0.828000 -0.000000
0.832000 -0.000000
0.836000 -0.000000
0.840000 -0.000000
0.844000 -0.000000
0.848000 -0.000000
0.852000 -0.000000
0.856000 -0.000000
0.860000 -0.000000
0.864000 -0.000000
0.868000 -0.000000
0.872000 -0.000000
0.876000 -0.000000
0.880000 -0.000000
0.884000 -0.000000
0.888000 -0.000000
0.892000 -0.000000
0.896000 -0.000000
0.900000 -0.000000
0.904000 -0.000000
0.908000 -0.000000
0.912000 -0.000000
0.916000 -0.000000
0.920000 -0.000000
0.924000 -0.000000
0.928000 -0.000000
0.932000 -0.000000
0.936000 -0.000000
0.940000 -0.000000
0.944000 -0.000000
0.948000 -0.000000
0.952000 -0.000000
0.956000 -0.000000
0.960000 -0.000000
0.964000 -0.000000
0.968000 -0.000000
0.972000 -0.000000
0.976000 -0.000000
0.980000 -0.000000
0.984000 -0.000000
0.988000 -0.000000
0.992000 -0.000000
0.996000 -0.000000
1.000000 -0.000000
1.004000 -0.000000
1.008000 -0.000000
1.012000 -0.000000
1.016000 -0.000000
1.020000 -0.000000
1.024000 -0.000000
1.028000 -0.000000
1.032000 -0.000000
1.036000 -0.000000
1.040000 -0.000000
1.044000 -0.000000
1.048000 -0.000000
1.052000 -0.000000
1.056000 -0.000000
1.060000 -0.000000
1.064000 -0.000000
1.068000 -0.000000
1.072000 -0.000000
1.076000 -0.000000
1.080000 -0.000000
1.084000 -0.000000
1.088000 -0.000000
1.092000 -0.000000
1.096000 -0.000000
1.100000 -0.000000
1.104000 -0.000000
1.108000 -0.000000
1.112000 -0.000000
1.116000 -0.000000
1.120000 -0.000000
1.124000 -0.000000
1.128000 -0.000000
1.132000 -0.000000
1.136000 -0.000000
1.140000 -0.000000
1.144000 -0.000000
1.148000 -0.000000
1.152000 -0.000000
1.156000 -0.000000
1.160000 -0.000000
1.164000 -0.000000
1.168000 -0.000000
1.172000 -0.000000
1.176000 -0.000000
1.180000 -0.000000
1.184000 -0.000000
1.188000 -0.000000
1.192000 -0.000000
1.196000 -0.000000
1.200000 -0.000000
1.204000 -0.000000
1.208000 -0.000000
1.212000 -0.000000
1.216000 -0.000000
1.220000 -0.000000
1.224000 -0.000000
1.228000 -0.000000
1.232000 -0.000000
1.236000 -0.000000
1.240000 -0.000000
1.244000 -0.000000
1.248000 -0.000000
1.252000 -0.000000
1.256000 -0.000000
1.260000 -0.000000
1.264000 -0.000000
1.268000 -0.000000
1.272000 -0.000000
1.276000 -0.000000
1.280000 -0.000000
1.284000 -0.000000
1.288000 -0.000000
1.292000 -0.000000
1.296000 -0.000000
1.300000 -0.000000
1.304000 -0.000000
1.308000 -0.000000
1.312000 -0.000000
1.316000 -0.000000
1.320000 -0.000000
1.324000 -0.000000
1.328000 -0.000000
1.332000 -0.000000
1.336000 -0.000000
1.340000 -0.000000
1.344000 -0.000000
1.348000 -0.000000
1.352000 -0.000000
1.356000 -0.000000
1.360000 -0.000000
1.364000 -0.000000
1.368000 -0.000000
1.372000 -0.000000
1.376000 -0.000000
1.380000 -0.000000
1.384000 -0.000000
1.388000 -0.000000
1.392000 -0.000000
1.396000 -0.000000
1.400000 -0.000000
1.404000 -0.000000
1.408000 -0.000000
1.412000 -0.000000
1.416000 -0.000000
1.420000 -0.000000
1.424000 -0.000000
1.428000 -0.000000
1.432000 -0.000000
1.436000 -0.000000
1.440000 -0.000000
1.444000 -0.000000
1.448000 -0.000000
1.452000 -0.000000
1.456000 -0.000000
1.460000 -0.000000
1.464000 -0.000000
1.468000 -0.000000
1.472000 -0.000000
1.476000 -0.000000
1.480000 -0.000000
1.484000 -0.000000
1.488000 -0.000000
1.492000 -0.000000
1.496000 -0.000000
1.500000 -0.000000
1.504000 -0.000000
1.508000 -0.000000
1.512000 -0.000000
1.516000 -0.000000
1.520000 -0.000000
1.524000 -0.000000
1.528000 -0.000000
1.532000 -0.000000
1.536000 -0.000000
1.540000 -0.000000
1.544000 -0.000000
1.548000 -0.000000
1.552000 -0.000000
1.556000 -0.000000
1.560000 -0.000000
1.564000 -0.000000
1.568000 -0.000000
1.572000 -0.000000
1.576000 -0.000000
1.580000 -0.000000
1.584000 -0.000000
1.588000 -0.000000
1.592000 -0.000000
1.596000 -0.000000
1.600000 -0.000000
1.604000 -0.000000
1.608000 -0.000000
1.612000 -0.000000
1.616000 -0.000000
1.620000 -0.000000
1.624000 -0.000000
1.628000 -0.000001
1.632000 -0.000002
1.636000 -0.000005
1.640000 -0.000012
1.644000 -0.000028
1.648000 -0.000063
1.652000 -0.000141
1.656000 -0.000316
1.660000 -0.000698
1.664000 -0.001528
1.668000 -0.003311
1.672000 -0.007105
1.676000 -0.015096
1.680000 -0.031762
1.684000 -0.066170
1.688000 -0.136493
1.692000 -0.278779
1.696000 -0.563787
1.700000 -1.128888
1.704000 -2.238128
1.708000 -4.393322
1.712000 -8.538602
1.716000 -16.430292
1.720000 -31.301937
1.724000 -59.042778
1.728000 -110.258240
1.732000 -203.850677
1.736000 -373.120667
1.740000 -676.130798
1.744000 -1212.921631
1.748000 -2154.057373
1.752000 -3787.064209
1.756000 -6590.927246
1.760000 -11355.201172
1.764000 -19365.232422
1.768000 -32691.576172
1.772000 -54627.128906
1.776000 -90353.382812
1.780000 -147917.062500
1.784000 -239675.750000
1.788000 -384374.718750
1.792000 -610077.312500
1.796000 -958318.562500
1.800000 -1489712.250000
1.804000 -2291699.750000
1.808000 -3488550.250000
1.812000 -5254738.500000
1.816000 -7831753.000000
1.820000 -11548772.000000
1.824000 -16848704.000000
1.828000 -24317268.000000
1.832000 -34718428.000000
1.836000 -49030044.000000
1.840000 -68484280.000000
1.844000 -94604576.000000
1.848000 -129233760.000000
1.852000 -174559696.000000
1.856000 -233108416.000000
1.860000 -307729216.000000
1.864000 -401518848.000000
1.868000 -517729312.000000
1.872000 -659602816.000000
1.876000 -830135808.000000
1.880000 -1031825024.000000
1.884000 -1266280576.000000
1.888000 -1533876096.000000
1.892000 -1833260288.000000
1.896000 -2160978688.000000
1.900000 -2510988288.000000
1.904000 -2874379776.000000
1.908000 -3239131904.000000
1.912000 -3590022912.000000
1.916000 -3908883968.000000
1.920000 -4174953472.000000
1.924000 -4365680128.000000
1.928000 -4457683456.000000
1.932000 -4428095488.000000
1.936000 -4256043264.000000
1.940000 -3924337664.000000
1.944000 -3421103360.000000
1.948000 -2741439744.000000
1.952000 -1888623104.000000
1.956000 -875202560.000000
1.960000 276765600.000000
1.964000 1535868800.000000
1.968000 2862108160.000000
1.972000 4208732416.000000
1.976000 5524122112.000000
1.980000 6754786304.000000
1.984000 7848071680.000000
1.988000 8755539968.000000
1.992000 9435834368.000000
1.996000 9857266688.000000
2.000000 10000000000.000000
2.004000 9857249280.000000
2.008000 9435801600.000000
2.012000 8755516416.000000
2.016000 7848041472.000000
2.020000 6754751488.000000
2.024000 5524045312.000000
2.028000 4208652800.000000
2.032000 2862067968.000000
2.036000 1535830528.000000
2.040000 276693440.000000
2.044000 -875267264.000000
2.048000 -1888679552.000000
2.052000 -2741462528.000000
2.056000 -3421121024.000000
2.060000 -3924362752.000000
2.064000 -4256058368.000000
2.068000 -4428098048.000000
2.072000 -4457682432.000000
2.076000 -4365667328.000000
2.080000 -4174939648.000000
2.084000 -3908865792.000000
2.088000 -3590012672.000000
2.092000 -3239121152.000000
2.096000 -2874358016.000000
2.100000 -2510966784.000000
2.104000 -2160958464.000000
2.108000 -1833251072.000000
2.112000 -1533867392.000000
2.116000 -1266265344.000000
2.120000 -1031811968.000000
2.124000 -830130112.000000
2.128000 -659598144.000000
2.132000 -517721696.000000
2.136000 -401512704.000000
2.140000 -307724192.000000
2.144000 -233106496.000000
2.148000 -174558160.000000
2.152000 -129231368.000000
2.156000 -94602760.000000
2.160000 -68483608.000000
2.164000 -49029556.000000
2.168000 -34717324.000000
2.172000 -24316740.000000
2.176000 -16848332.000000
2.180000 -11548645.000000
2.184000 -7831666.000000
2.188000 -5254612.500000
2.192000 -3488465.750000
2.196000 -2291642.250000
2.200000 -1489694.250000
2.204000 -958305.125000
2.208000 -610060.187500
2.212000 -384364.250000
2.216000 -239672.375000
2.220000 -147914.953125
2.224000 -90349.367188
2.228000 -54625.476562
2.232000 -32690.525391
2.236000 -19364.919922
2.240000 -11355.017578
2.244000 -6590.714355
2.248000 -3786.934570
2.252000 -2154.018555
2.256000 -1212.899658
2.260000 -676.117371
2.264000 -373.107117
2.268000 -203.843262
2.272000 -110.256035
2.276000 -59.041809
2.280000 -31.300739
2.284000 -16.429663
2.288000 -8.538274
2.292000 -4.393225
2.296000 -2.238083
2.300000 -1.128843
2.304000 -0.563762
2.308000 -0.278773
2.312000 -0.136490
2.316000 -0.066166
2.320000 -0.031761
2.324000 -0.015096
2.328000 -0.007104
2.332000 -0.003311
2.336000 -0.001528
2.340000 -0.000698
2.344000 -0.000316
2.348000 -0.000141
2.352000 -0.000063
2.356000 -0.000028
2.360000 -0.000012
2.364000 -0.000005
2.368000 -0.000002
2.372000 -0.000001
2.376000 -0.000000
2.380000 -0.000000
2.384000 -0.000000
2.388000 -0.000000
2.392000 -0.000000
2.396000 -0.000000
2.400000 -0.000000
2.404000 -0.000000
2.408000 -0.000000
2.412000 -0.000000
2.416000 -0.000000
2.420000 -0.000000
2.424000 -0.000000
2.428000 -0.000000
2.432000 -0.000000
2.436000 -0.000000
2.440000 -0.000000
2.444000 -0.000000
2.448000 -0.000000
2.452000 -0.000000
2.456000 -0.000000
2.460000 -0.000000
2.464000 -0.000000
2.468000 -0.000000
2.472000 -0.000000
2.476000 -0.000000
2.480000 -0.000000
2.484000 -0.000000
2.488000 -0.000000
2.492000 -0.000000
2.496000 -0.000000
2.500000 -0.000000
2.504000 -0.000000
2.508000 -0.000000
2.512000 -0.000000
2.516000 -0.000000
2.520000 -0.000000
2.524000 -0.000000
2.528000 -0.000000
2.532000 -0.000000
2.536000 -0.000000
2.540000 -0.000000
2.544000 -0.000000
2.548000 -0.000000
2.552000 -0.000000
2.556000 -0.000000
2.560000 -0.000000
2.564000 -0.000000
2.568000 -0.000000
2.572000 -0.000000
2.576000 -0.000000
2.580000 -0.000000
2.584000 -0.000000
2.588000 -0.000000
2.592000 -0.000000
2.596000 -0.000000
2.600000 -0.000000
2.604000 -0.000000
2.608000 -0.000000
2.612000 -0.000000
2.616000 -0.000000
2.620000 -0.000000
2.624000 -0.000000
2.628000 -0.000000
2.632000 -0.000000
2.636000 -0.000000
2.640000 -0.000000
2.644000 -0.000000
2.648000 -0.000000
2.652000 -0.000000
2.656000 -0.000000
2.660000 -0.000000
2.664000 -0.000000
2.668000 -0.000000
2.672000 -0.000000
2.676000 -0.000000
2.680000 -0.000000
2.684000 -0.000000
2.688000 -0.000000
2.692000 -0.000000
2.696000 -0.000000
2.700000 -0.000000
2.704000 -0.000000
2.708000 -0.000000
2.712000 -0.000000
2.716000 -0.000000
2.720000 -0.000000
2.724000 -0.000000
2.728000 -0.000000
2.732000 -0.000000
2.736000 -0.000000
2.740000 -0.000000
2.744000 -0.000000
2.748000 -0.000000
2.752000 -0.000000
2.756000 -0.000000
2.760000 -0.000000
2.764000 -0.000000
2.768000 -0.000000
2.772000 -0.000000
2.776000 -0.000000
2.780000 -0.000000
2.784000 -0.000000
2.788000 -0.000000
2.792000 -0.000000
2.796000 -0.000000
2.800000 -0.000000
2.804000 -0.000000
2.808000 -0.000000
2.812000 -0.000000
2.816000 -0.000000
2.820000 -0.000000
2.824000 -0.000000
2.828000 -0.000000
2.832000 -0.000000
2.836000 -0.000000
2.840000 -0.000000
2.844000 -0.000000
2.848000 -0.000000
2.852000 -0.000000
2.856000 -0.000000
2.860000 -0.000000
2.864000 -0.000000
2.868000 -0.000000
2.872000 -0.000000
2.876000 -0.000000
2.880000 -0.000000
2.884000 -0.000000
2.888000 -0.000000
2.892000 -0.000000
2.896000 -0.000000
2.900000 -0.000000
2.904000 -0.000000
2.908000 -0.000000
2.912000 -0.000000
2.916000 -0.000000
2.920000 -0.000000
2.924000 -0.000000
2.928000 -0.000000
2.932000 -0.000000
2.936000 -0.000000
2.940000 -0.000000
2.944000 -0.000000
2.948000 -0.000000
2.952000 -0.000000
2.956000 -0.000000
2.960000 -0.000000
2.964000 -0.000000
2.968000 -0.000000
2.972000 -0.000000
2.976000 -0.000000
2.980000 -0.000000
2.984000 -0.000000
2.988000 -0.000000
2.992000 -0.000000
2.996000 -0.000000
3.000000 -0.000000
3.004000 -0.000000
3.008000 -0.000000
3.012000 -0.000000
3.016000 -0.000000
3.020000 -0.000000
3.024000 -0.000000
3.028000 -0.000000
3.032000 -0.000000
3.036000 -0.000000
3.040000 -0.000000
3.044000 -0.000000
3.048000 -0.000000
3.052000 -0.000000
3.056000 -0.000000
3.060000 -0.000000
3.064000 -0.000000
3.068000 -0.000000
3.072000 -0.000000
3.076000 -0.000000
3.080000 -0.000000
3.084000 -0.000000
3.088000 -0.000000
3.092000 -0.000000
3.096000 -0.000000
3.100000 -0.000000
3.104000 -0.000000
3.108000 -0.000000
3.112000 -0.000000
3.116000 -0.000000
3.120000 -0.000000
3.124000 -0.000000
3.128000 -0.000000
3.132000 -0.000000
3.136000 -0.000000
3.140000 -0.000000
3.144000 -0.000000
3.148000 -0.000000
3.152000 -0.000000
3.156000 -0.000000
3.160000 -0.000000
3.164000 -0.000000
3.168000 -0.000000
3.172000 -0.000000
3.176000 -0.000000
3.180000 -0.000000
3.184000 -0.000000
3.188000 -0.000000
3.192000 -0.000000
3.196000 -0.000000
3.200000 -0.000000
3.204000 -0.000000
3.208000 -0.000000
3.212000 -0.000000
3.216000 -0.000000
3.220000 -0.000000
3.224000 -0.000000
3.228000 -0.000000
3.232000 -0.000000
3.236000 -0.000000
3.240000 -0.000000
3.244000 -0.000000
3.248000 -0.000000
3.252000 -0.000000
3.256000 -0.000000
3.260000 -0.000000
3.264000 -0.000000
3.268000 -0.000000
3.272000 -0.000000
3.276000 -0.000000
3.280000 -0.000000
3.284000 -0.000000
3.288000 -0.000000
3.292000 -0.000000
3.296000 -0.000000
3.300000 -0.000000
3.304000 -0.000000
3.308000 -0.000000
3.312000 -0.000000
3.316000 -0.000000
3.320000 -0.000000
3.324000 -0.000000
3.328000 -0.000000
3.332000 -0.000000
3.336000 -0.000000
3.340000 -0.000000
3.344000 -0.000000
3.348000 -0.000000
3.352000 -0.000000
3.356000 -0.000000
3.360000 -0.000000
3.364000 -0.000000
3.368000 -0.000000
3.372000 -0.000000
3.376000 -0.000000
3.380000 -0.000000
3.384000 -0.000000
3.388000 -0.000000
3.392000 -0.000000
3.396000 -0.000000
3.400000 -0.000000
3.404000 -0.000000
3.408000 -0.000000
3.412000 -0.000000
3.416000 -0.000000
3.420000 -0.000000
3.424000 -0.000000
3.428000 -0.000000
3.432000 -0.000000
3.436000 -0.000000
3.440000 -0.000000
3.444000 -0.000000
3.448000 -0.000000
3.452000 -0.000000
3.456000 -0.000000
3.460000 -0.000000
3.464000 -0.000000
3.468000 -0.000000
3.472000 -0.000000
3.476000 -0.000000
3.480000 -0.000000
3.484000 -0.000000
3.488000 -0.000000
3.492000 -0.000000
3.496000 -0.000000
3.500000 -0.000000
3.504000 -0.000000
3.508000 -0.000000
3.512000 -0.000000
3.516000 -0.000000
3.520000 -0.000000
3.524000 -0.000000
3.528000 -0.000000
3.532000 -0.000000
3.536000 -0.000000
3.540000 -0.000000
3.544000 -0.000000
3.548000 -0.000000
3.552000 -0.000000
3.556000 -0.000000
3.560000 -0.000000
3.564000 -0.000000
3.568000 -0.000000
3.572000 -0.000000
3.576000 -0.000000
3.580000 -0.000000
3.584000 -0.000000
3.588000 -0.000000
3.592000 -0.000000
3.596000 -0.000000
3.600000 -0.000000
3.604000 -0.000000
3.608000 -0.000000
3.612000 -0.000000
3.616000 -0.000000
3.620000 -0.000000
3.624000 -0.000000
3.628000 -0.000000
3.632000 -0.000000
3.636000 -0.000000
3.640000 -0.000000
3.644000 -0.000000
3.648000 -0.000000
3.652000 -0.000000
3.656000 -0.000000
3.660000 -0.000000
3.664000 -0.000000
3.668000 -0.000000
3.672000 -0.000000
3.676000 -0.000000
3.680000 -0.000000
3.684000 -0.000000
3.688000 -0.000000
3.692000 -0.000000
3.696000 -0.000000
3.700000 -0.000000
3.704000 -0.000000
3.708000 -0.000000
3.712000 -0.000000
3.716000 -0.000000
3.720000 -0.000000
3.724000 -0.000000
3.728000 -0.000000
3.732000 -0.000000
3.736000 -0.000000
3.740000 -0.000000
3.744000 -0.000000
3.748000 -0.000000
3.752000 -0.000000
3.756000 -0.000000
3.760000 -0.000000
3.764000 -0.000000
3.768000 -0.000000
3.772000 -0.000000
3.776000 -0.000000
3.780000 -0.000000
3.784000 -0.000000
3.788000 -0.000000
3.792000 -0.000000
3.796000 -0.000000
3.800000 -0.000000
3.804000 -0.000000
3.808000 -0.000000
3.812000 -0.000000
3.816000 -0.000000
3.820000 -0.000000
3.824000 -0.000000
3.828000 -0.000000
3.832000 -0.000000
3.836000 -0.000000
3.840000 -0.000000
3.844000 -0.000000
3.848000 -0.000000
3.852000 -0.000000
3.856000 -0.000000
3.860000 -0.000000
3.864000 -0.000000
3.868000 -0.000000
3.872000 -0.000000
3.876000 -0.000000
3.880000 -0.000000
3.884000 -0.000000
3.888000 -0.000000
3.892000 -0.000000
3.896000 -0.000000
3.900000 -0.000000
3.904000 -0.000000
3.908000 -0.000000
3.912000 -0.000000
3.916000 -0.000000
3.920000 -0.000000
3.924000 -0.000000
3.928000 -0.000000
3.932000 -0.000000
3.936000 -0.000000
3.940000 -0.000000
3.944000 -0.000000
3.948000 -0.000000
3.952000 -0.000000
3.956000 -0.000000
3.960000 -0.000000
3.964000 -0.000000
3.968000 -0.000000
3.972000 -0.000000
3.976000 -0.000000
3.980000 -0.000000
3.984000 -0.000000
3.988000 -0.000000
3.992000 -0.000000
3.996000 -0.000000
4.000000 -0.000000
4.004000 -0.000000
4.008000 -0.000000
4.012000 -0.000000
4.016000 -0.000000
4.020000 -0.000000
4.024000 -0.000000
4.028000 -0.000000
4.032000 -0.000000
4.036000 -0.000000
4.040000 -0.000000
4.044000 -0.000000
4.048000 -0.000000
4.052000 -0.000000
4.056000 -0.000000
4.060000 -0.000000
4.064000 -0.000000
4.068000 -0.000000
4.072000 -0.000000
4.076000 -0.000000
4.080000 -0.000000
4.084000 -0.000000
4.088000 -0.000000
4.092000 -0.000000
4.096000 -0.000000
4.100000 -0.000000
4.104000 -0.000000
4.108000 -0.000000
4.112000 -0.000000
4.116000 -0.000000
4.120000 -0.000000
4.124000 -0.000000
4.128000 -0.000000
4.132000 -0.000000
4.136000 -0.000000
4.140000 -0.000000
4.144000 -0.000000
4.148000 -0.000000
4.152000 -0.000000
4.156000 -0.000000
4.160000 -0.000000
4.164000 -0.000000
4.168000 -0.000000
4.172000 -0.000000
4.176000 -0.000000
4.180000 -0.000000
4.184000 -0.000000
4.188000 -0.000000
4.192000 -0.000000
4.196000 -0.000000
4.200000 -0.000000
4.204000 -0.000000
4.208000 -0.000000
4.212000 -0.000000
4.216000 -0.000000
4.220000 -0.000000
4.224000 -0.000000
4.228000 -0.000000
4.232000 -0.000000
4.236000 -0.000000
4.240000 -0.000000
4.244000 -0.000000
4.248000 -0.000000
4.252000 -0.000000
4.256000 -0.000000
4.260000 -0.000000
4.264000 -0.000000
4.268000 -0.000000
4.272000 -0.000000
4.276000 -0.000000
4.280000 -0.000000
4.284000 -0.000000
4.288000 -0.000000
4.292000 -0.000000
4.296000 -0.000000
4.300000 -0.000000
4.304000 -0.000000
4.308000 -0.000000
4.312000 -0.000000
4.316000 -0.000000
4.320000 -0.000000
4.324000 -0.000000
4.328000 -0.000000
4.332000 -0.000000
4.336000 -0.000000
4.340000 -0.000000
4.344000 -0.000000
4.348000 -0.000000
4.352000 -0.000000
4.356000 -0.000000
4.360000 -0.000000
4.364000 -0.000000
4.368000 -0.000000
4.372000 -0.000000
4.376000 -0.000000
4.380000 -0.000000
4.384000 -0.000000
4.388000 -0.000000
4.392000 -0.000000
4.396000 -0.000000
4.400000 -0.000000
4.404000 -0.000000
4.408000 -0.000000
4.412000 -0.000000
4.416000 -0.000000
4.420000 -0.000000
4.424000 -0.000000
4.428000 -0.000000
4.432000 -0.000000
4.436000 -0.000000
4.440000 -0.000000
4.444000 -0.000000
4.448000 -0.000000
4.452000 -0.000000
4.456000 -0.000000
4.460000 -0.000000
4.464000 -0.000000
4.468000 -0.000000
4.472000 -0.000000
4.476000 -0.000000
4.480000 -0.000000
4.484000 -0.000000
4.488000 -0.000000
4.492000 -0.000000
4.496000 -0.000000
4.500000 -0.000000
4.504000 -0.000000
4.508000 -0.000000
4.512000 -0.000000
4.516000 -0.000000
4.520000 -0.000000
4.524000 -0.000000
4.528000 -0.000000
4.532000 -0.000000
4.536000 -0.000000
4.540000 -0.000000
4.544000 -0.000000
4.548000 -0.000000
4.552000 -0.000000
4.556000 -0.000000
4.560000 -0.000000
4.564000 -0.000000
4.568000 -0.000000
4.572000 -0.000000
4.576000 -0.000000
4.580000 -0.000000
4.584000 -0.000000
4.588000 -0.000000
4.592000 -0.000000
4.596000 -0.000000
4.600000 -0.000000
4.604000 -0.000000
4.608000 -0.000000
4.612000 -0.000000
4.616000 -0.000000
4.620000 -0.000000
4.624000 -0.000000
4.628000 -0.000000
4.632000 -0.000000
4.636000 -0.000000
4.640000 -0.000000
4.644000 -0.000000
4.648000 -0.000000
4.652000 -0.000000
4.656000 -0.000000
4.660000 -0.000000
4.664000 -0.000000
4.668000 -0.000000
4.672000 -0.000000
4.676000 -0.000000
4.680000 -0.000000
4.684000 -0.000000
4.688000 -0.000000
4.692000 -0.000000
4.696000 -0.000000
4.700000 -0.000000
4.704000 -0.000000
4.708000 -0.000000
4.712000 -0.000000
4.716000 -0.000000
4.720000 -0.000000
4.724000 -0.000000
4.728000 -0.000000
4.732000 -0.000000
4.736000 -0.000000
4.740000 -0.000000
4.744000 -0.000000
4.748000 -0.000000
4.752000 -0.000000
4.756000 -0.000000
4.760000 -0.000000
4.764000 -0.000000
4.768000 -0.000000
4.772000 -0.000000
4.776000 -0.000000
4.780000 -0.000000
4.784000 -0.000000
4.788000 -0.000000
4.792000 -0.000000
4.796000 -0.000000
4.800000 -0.000000
4.804000 -0.000000
4.808000 -0.000000
4.812000 -0.000000
4.816000 -0.000000
4.820000 -0.000000
4.824000 -0.000000
4.828000 -0.000000
4.832000 -0.000000
4.836000 -0.000000
4.840000 -0.000000
4.844000 -0.000000
4.848000 -0.000000
4.852000 -0.000000
4.856000 -0.000000
4.860000 -0.000000
4.864000 -0.000000
4.868000 -0.000000
4.872000 -0.000000
4.876000 -0.000000
4.880000 -0.000000
4.884000 -0.000000
4.888000 -0.000000
4.892000 -0.000000
4.896000 -0.000000
4.900000 -0.000000
4.904000 -0.000000
4.908000 -0.000000
4.912000 -0.000000
4.916000 -0.000000
4.920000 -0.000000
4.924000 -0.000000
4.928000 -0.000000
4.932000 -0.000000
4.936000 -0.000000
4.940000 -0.000000
4.944000 -0.000000
4.948000 -0.000000
4.952000 -0.000000
4.956000 -0.000000
4.960000 -0.000000
4.964000 -0.000000
4.968000 -0.000000
4.972000 -0.000000
4.976000 -0.000000
4.980000 -0.000000
4.984000 -0.000000
4.988000 -0.000000
4.992000 -0.000000
4.996000 -0.000000
5.000000 -0.000000
5.004000 -0.000000
5.008000 -0.000000
5.012000 -0.000000
5.016000 -0.000000
5.020000 -0.000000
5.024000 -0.000000
5.028000 -0.000000
5.032000 -0.000000
5.036000 -0.000000
5.040000 -0.000000
5.044000 -0.000000
5.048000 -0.000000
5.052000 -0.000000
5.056000 -0.000000
5.060000 -0.000000
5.064000 -0.000000
5.068000 -0.000000
5.072000 -0.000000
5.076000 -0.000000
5.080000 -0.000000
5.084000 -0.000000
5.088000 -0.000000
5.092000 -0.000000
5.096000 -0.000000
5.100000 -0.000000
5.104000 -0.000000
5.108000 -0.000000
5.112000 -0.000000
5.116000 -0.000000
5.120000 -0.000000
5.124000 -0.000000
5.128000 -0.000000
5.132000 -0.000000
5.136000 -0.000000
5.140000 -0.000000
5.144000 -0.000000
5.148000 -0.000000
5.152000 -0.000000
5.156000 -0.000000
5.160000 -0.000000
5.164000 -0.000000
5.168000 -0.000000
5.172000 -0.000000
5.176000 -0.000000
5.180000 -0.000000
5.184000 -0.000000
5.188000 -0.000000
5.192000 -0.000000
5.196000 -0.000000
5.200000 -0.000000
5.204000 -0.000000
5.208000 -0.000000
5.212000 -0.000000
5.216000 -0.000000
5.220000 -0.000000
5.224000 -0.000000
5.228000 -0.000000
5.232000 -0.000000
5.236000 -0.000000
5.240000 -0.000000
5.244000 -0.000000
5.248000 -0.000000
5.252000 -0.000000
5.256000 -0.000000
5.260000 -0.000000
5.264000 -0.000000
5.268000 -0.000000
5.272000 -0.000000
5.276000 -0.000000
5.280000 -0.000000
5.284000 -0.000000
5.288000 -0.000000
5.292000 -0.000000
5.296000 -0.000000
5.300000 -0.000000
5.304000 -0.000000
5.308000 -0.000000
5.312000 -0.000000
5.316000 -0.000000
5.320000 -0.000000
5.324000 -0.000000
5.328000 -0.000000
5.332000 -0.000000
5.336000 -0.000000
5.340000 -0.000000
5.344000 -0.000000
5.348000 -0.000000
5.352000 -0.000000
5.356000 -0.000000
5.360000 -0.000000
5.364000 -0.000000
5.368000 -0.000000
5.372000 -0.000000
5.376000 -0.000000
5.380000 -0.000000
5.384000 -0.000000
5.388000 -0.000000
5.392000 -0.000000
5.396000 -0.000000
5.400000 -0.000000
5.404000 -0.000000
5.408000 -0.000000
5.412000 -0.000000
5.416000 -0.000000
5.420000 -0.000000
5.424000 -0.000000
5.428000 -0.000000
5.432000 -0.000000
5.436000 -0.000000
5.440000 -0.000000
5.444000 -0.000000
5.448000 -0.000000
5.452000 -0.000000
5.456000 -0.000000
5.460000 -0.000000
5.464000 -0.000000
5.468000 -0.000000
5.472000 -0.000000
5.476000 -0.000000
5.480000 -0.000000
5.484000 -0.000000
5.488000 -0.000000
5.492000 -0.000000
5.496000 -0.000000
5.500000 -0.000000
5.504000 -0.000000
5.508000 -0.000000
5.512000 -0.000000
5.516000 -0.000000
5.520000 -0.000000
5.524000 -0.000000
5.528000 -0.000000
5.532000 -0.000000
5.536000 -0.000000
5.540000 -0.000000
5.544000 -0.000000
5.548000 -0.000000
5.552000 -0.000000
5.556000 -0.000000
5.560000 -0.000000
5.564000 -0.000000
5.568000 -0.000000
5.572000 -0.000000
5.576000 -0.000000
5.580000 -0.000000
5.584000 -0.000000
5.588000 -0.000000
5.592000 -0.000000
5.596000 -0.000000
5.600000 -0.000000
5.604000 -0.000000
5.608000 -0.000000
5.612000 -0.000000
5.616000 -0.000000
5.620000 -0.000000
5.624000 -0.000000
5.628000 -0.000000
5.632000 -0.000000
5.636000 -0.000000
5.640000 -0.000000
5.644000 -0.000000
5.648000 -0.000000
5.652000 -0.000000
5.656000 -0.000000
5.660000 -0.000000
5.664000 -0.000000
5.668000 -0.000000
5.672000 -0.000000
5.676000 -0.000000
5.680000 -0.000000
5.684000 -0.000000
5.688000 -0.000000
5.692000 -0.000000
5.696000 -0.000000
5.700000 -0.000000
5.704000 -0.000000
5.708000 -0.000000
5.712000 -0.000000
5.716000 -0.000000
5.720000 -0.000000
5.724000 -0.000000
5.728000 -0.000000
5.732000 -0.000000
5.736000 -0.000000
5.740000 -0.000000
5.744000 -0.000000
5.748000 -0.000000
5.752000 -0.000000
5.756000 -0.000000
5.760000 -0.000000
5.764000 -0.000000
5.768000 -0.000000
5.772000 -0.000000
5.776000 -0.000000
5.780000 -0.000000
5.784000 -0.000000
5.788000 -0.000000
5.792000 -0.000000
5.796000 -0.000000
5.800000 -0.000000
5.804000 -0.000000
5.808000 -0.000000
5.812000 -0.000000
5.816000 -0.000000
5.820000 -0.000000
5.824000 -0.000000
5.828000 -0.000000
5.832000 -0.000000
5.836000 -0.000000
5.840000 -0.000000
5.844000 -0.000000
5.848000 -0.000000
5.852000 -0.000000
5.856000 -0.000000
5.860000 -0.000000
5.864000 -0.000000
5.868001 -0.000000
5.872000 -0.000000
5.876000 -0.000000
5.880000 -0.000000
5.884000 -0.000000
5.888000 -0.000000
5.892000 -0.000000
5.896000 -0.000000
5.900000 -0.000000
5.904000 -0.000000
5.908000 -0.000000
5.912000 -0.000000
5.916000 -0.000000
5.920000 -0.000000
5.924000 -0.000000
5.928000 -0.000000
5.932000 -0.000000
5.936000 -0.000000
5.940000 -0.000000
5.944000 -0.000000
5.948000 -0.000000
5.952000 -0.000000
5.956000 -0.000000
5.960001 -0.000000
5.964000 -0.000000
5.968000 -0.000000
5.972000 -0.000000
5.976000 -0.000000
5.980000 -0.000000
5.984000 -0.000000
5.988000 -0.000000
5.992000 -0.000000
5.996000 -0.000000
6.000000 -0.000000
6.004000 -0.000000
6.008000 -0.000000
6.012000 -0.000000
6.016000 -0.000000
6.020000 -0.000000
6.024000 -0.000000
6.028000 -0.000000
6.032000 -0.000000
6.036000 -0.000000
6.040000 -0.000000
6.044000 -0.000000
6.048000 -0.000000
6.052001 -0.000000
6.056000 -0.000000
6.060000 -0.000000
6.064000 -0.000000
6.068000 -0.000000
6.072001 -0.000000
6.076000 -0.000000
6.080000 -0.000000
6.084000 -0.000000
6.088000 -0.000000
6.092000 -0.000000
6.096000 -0.000000
6.100000 -0.000000
6.104000 -0.000000
6.108000 -0.000000
6.112000 -0.000000
6.116000 -0.000000
6.120000 -0.000000
6.124000 -0.000000
6.128000 -0.000000
6.132000 -0.000000
6.136000 -0.000000
6.140000 -0.000000
6.144000 -0.000000
6.148000 -0.000000
6.152000 -0.000000
6.156000 -0.000000
6.160000 -0.000000
6.164001 -0.000000
6.168000 -0.000000
6.172000 -0.000000
6.176000 -0.000000
6.180000 -0.000000
6.184000 -0.000000
6.188000 -0.000000
6.192000 -0.000000
6.196000 -0.000000
6.200000 -0.000000
6.204000 -0.000000
6.208000 -0.000000
6.212000 -0.000000
6.216000 -0.000000
6.220000 -0.000000
6.224000 -0.000000
6.228000 -0.000000
6.232000 -0.000000
6.236000 -0.000000
6.240000 -0.000000
6.244000 -0.000000
6.248000 -0.000000
6.252000 -0.000000
6.256001 -0.000000
6.260000 -0.000000
6.264000 -0.000000
6.268000 -0.000000
6.272000 -0.000000
6.276000 -0.000000
6.280000 -0.000000
6.284000 -0.000000
6.288000 -0.000000
6.292000 -0.000000
6.296000 -0.000000
6.300000 -0.000000
6.304000 -0.000000
6.308000 -0.000000
6.312000 -0.000000
6.316000 -0.000000
6.320000 -0.000000
6.324000 -0.000000
6.328000 -0.000000
6.332000 -0.000000
6.336000 -0.000000
6.340000 -0.000000
6.344000 -0.000000
6.348001 -0.000000
6.352000 -0.000000
6.356000 -0.000000
6.360000 -0.000000
6.364000 -0.000000
6.368001 -0.000000
6.372000 -0.000000
6.376000 -0.000000
6.380000 -0.000000
6.384000 -0.000000
6.388000 -0.000000
6.392000 -0.000000
6.396000 -0.000000
6.400000 -0.000000
6.404000 -0.000000
6.408000 -0.000000
6.412000 -0.000000
6.416000 -0.000000
6.420000 -0.000000
6.424000 -0.000000
6.428000 -0.000000
6.432000 -0.000000
6.436000 -0.000000
6.440001 -0.000000
6.444000 -0.000000
6.448000 -0.000000
6.452000 -0.000000
6.456000 -0.000000
6.460001 -0.000000
6.464000 -0.000000
6.468000 -0.000000
6.472000 -0.000000
6.476000 -0.000000
6.480000 -0.000000
6.484000 -0.000000
6.488000 -0.000000
6.492000 -0.000000
6.496000 -0.000000
6.500000 -0.000000
6.504000 -0.000000
6.508000 -0.000000
6.512000 -0.000000
6.516000 -0.000000
6.520000 -0.000000
6.524000 -0.000000
6.528000 -0.000000
6.532001 -0.000000
6.536000 -0.000000
6.540000 -0.000000
6.544000 -0.000000
6.548000 -0.000000
6.552001 -0.000000
6.556000 -0.000000
6.560000 -0.000000
6.564000 -0.000000
6.568000 -0.000000
6.572001 -0.000000
6.576000 -0.000000
6.580000 -0.000000
6.584000 -0.000000
6.588000 -0.000000
6.592000 -0.000000
6.596000 -0.000000
6.600000 -0.000000
6.604000 -0.000000
6.608000 -0.000000
6.612000 -0.000000
6.616000 -0.000000
6.620000 -0.000000
6.624001 -0.000000
6.628000 -0.000000
6.632000 -0.000000
6.636000 -0.000000
6.640000 -0.000000
6.644001 -0.000000
6.648000 -0.000000
6.652000 -0.000000
6.656000 -0.000000
6.660000 -0.000000
6.664001 -0.000000
6.668000 -0.000000
6.672000 -0.000000
6.676000 -0.000000
6.680000 -0.000000
6.684000 -0.000000
6.688000 -0.000000
6.692000 -0.000000
6.696000 -0.000000
6.700000 -0.000000
6.704000 -0.000000
6.708000 -0.000000
6.712000 -0.000000
6.716001 -0.000000
6.720000 -0.000000
6.724000 -0.000000
6.728000 -0.000000
6.732000 -0.000000
6.736001 -0.000000
6.740000 -0.000000
6.744000 -0.000000
6.748000 -0.000000
6.752000 -0.000000
6.756001 -0.000000
6.760000 -0.000000
6.764000 -0.000000
6.768000 -0.000000
6.772000 -0.000000
6.776000 -0.000000
6.780000 -0.000000
6.784000 -0.000000
6.788000 -0.000000
6.792000 -0.000000
6.796000 -0.000000
6.800000 -0.000000
6.804000 -0.000000
6.808000 -0.000000
6.812000 -0.000000
6.816000 -0.000000
6.820000 -0.000000
6.824000 -0.000000
6.828001 -0.000000
6.832000 -0.000000
6.836000 -0.000000
6.840000 -0.000000
6.844000 -0.000000
6.848001 -0.000000
6.852000 -0.000000
6.856000 -0.000000
6.860000 -0.000000
6.864000 -0.000000
6.868001 -0.000000
6.872000 -0.000000
6.876000 -0.000000
6.880000 -0.000000
6.884000 -0.000000
6.888000 -0.000000
6.892000 -0.000000
6.896000 -0.000000
6.900000 -0.000000
6.904000 -0.000000
6.908000 -0.000000
6.912000 -0.000000
6.916000 -0.000000
6.920001 -0.000000
6.924000 -0.000000
6.928000 -0.000000
6.932000 -0.000000
6.936000 -0.000000
6.940001 -0.000000
6.944000 -0.000000
6.948000 -0.000000
6.952000 -0.000000
6.956000 -0.000000
6.960001 -0.000000
6.964000 -0.000000
6.968000 -0.000000
6.972000 -0.000000
6.976000 -0.000000
6.980000 -0.000000
6.984000 -0.000000
6.988000 -0.000000
6.992000 -0.000000
6.996000 -0.000000
