0.000000 -0.000006
0.001200 -0.000009
0.002400 -0.000014
0.003600 -0.000022
0.004800 -0.000035
0.006000 -0.000054
0.007200 -0.000084
0.008400 -0.000131
0.009600 -0.000204
0.010800 -0.000316
0.012000 -0.000487
0.013200 -0.000750
0.014400 -0.001150
0.015600 -0.001760
0.016800 -0.002684
0.018000 -0.004081
0.019200 -0.006188
0.020400 -0.009355
0.021600 -0.014102
0.022800 -0.021195
0.024000 -0.031762
0.025200 -0.047457
0.026400 -0.070699
0.027600 -0.105016
0.028800 -0.155531
0.030000 -0.229666
0.031200 -0.338142
0.032400 -0.496384
0.033600 -0.726536
0.034800 -1.060263
0.036000 -1.542717
0.037200 -2.238083
0.038400 -3.237299
0.039600 -4.668765
0.040800 -6.713301
0.042000 -9.624654
0.043200 -13.757625
0.044400 -19.607174
0.045600 -27.860886
0.046800 -39.471809
0.048000 -55.755230
0.049200 -78.522285
0.050400 -110.257446
0.051600 -154.357330
0.052800 -215.452484
0.054000 -299.834167
0.055200 -416.016235
0.056400 -575.497375
0.057600 -793.736084
0.058800 -1091.454834
0.060000 -1496.358887
0.061200 -2045.322266
0.062400 -2787.286621
0.063600 -3787.016602
0.064800 -5129.860352
0.066000 -6927.920898
0.067200 -9328.068359
0.068400 -12521.862305
0.069600 -16758.326172
0.070800 -22360.421875
0.072000 -29744.824219
0.073200 -39447.941406
0.074400 -52157.492188
0.075600 -68752.578125
0.076800 -90351.781250
0.078000 -118374.609375
0.079200 -154615.781250
0.080400 -201334.812500
0.081600 -261367.734375
0.082800 -338260.218750
0.084000 -436429.937500
0.085200 -561356.312500
0.086400 -719816.562500
0.087600 -920157.250000
0.088800 -1172615.125000
0.090000 -1489702.000000
0.091200 -1886653.250000
0.092400 -2381939.000000
0.093600 -2997854.000000
0.094800 -3761227.250000
0.096000 -4704186.500000
0.097200 -5865059.000000
0.098400 -7289343.000000
0.099600 -9030853.000000
0.100800 -11152987.000000
0.102000 -13729993.000000
0.103200 -16848532.000000
0.104400 -20609236.000000
0.105600 -25128442.000000
0.106800 -30539914.000000
0.108000 -36996748.000000
0.109200 -44673352.000000
0.110400 -53766940.000000
0.111600 -64499916.000000
0.112800 -77121192.000000
0.114000 -91907864.000000
0.115200 -109166240.000000
0.116400 -129233240.000000
0.117600 -152476544.000000
0.118800 -179293888.000000
0.120000 -210113408.000000
0.121200 -245391200.000000
0.122400 -285609024.000000
0.123600 -331269312.000000
0.124800 -382892416.000000
0.126000 -441008608.000000
0.127200 -506151424.000000
0.128400 -578845824.000000
0.129600 -659599104.000000
0.130800 -748890560.000000
0.132000 -847149632.000000
0.133200 -954749376.000000
0.134400 -1071980544.000000
0.135600 -1199035520.000000
0.136800 -1335991936.000000
0.138000 -1482784896.000000
0.139200 -1639188096.000000
0.140400 -1804797952.000000
0.141600 -1979002880.000000
0.142800 -2160966400.000000
0.144000 -2349618176.000000
0.145200 -2543622656.000000
0.146400 -2741374976.000000
0.147600 -2940998144.000000
0.148800 -3140322816.000000
0.150000 -3336908288.000000
0.151200 -3528033024.000000
0.152400 -3710714112.000000
0.153600 -3881741568.000000
0.154800 -4037686272.000000
0.156000 -4174949120.000000
0.157200 -4289810432.000000
0.158400 -4378470400.000000
0.159600 -4437117952.000000
0.160800 -4461995008.000000
0.162000 -4449467904.000000
0.163200 -4396106752.000000
0.164400 -4298763264.000000
0.165600 -4154658304.000000
0.166800 -3961452544.000000
0.168000 -3717340416.000000
0.169200 -3421122048.000000
0.170400 -3072258560.000000
0.171600 -2670957056.000000
0.172800 -2218211328.000000
0.174000 -1715822208.000000
0.175200 -1166454656.000000
0.176400 -573631616.000000
0.177600 58299684.000000
0.178800 724139712.000000
0.180000 1417944192.000000
0.181200 2133032576.000000
0.182400 2862089728.000000
0.183600 3597292544.000000
0.184800 4330369024.000000
0.186000 5052749824.000000
0.187200 5755734016.000000
0.188400 6430579200.000000
0.189600 7068681728.000000
0.190800 7661749760.000000
0.192000 8201900544.000000
0.193200 8681865216.000000
0.194400 9095077888.000000
0.195600 9435820032.000000
0.196800 9699348480.000000
0.198000 9881955328.000000
0.199200 9981060096.000000
0.200400 9995262976.000000
0.201600 9924359168.000000
0.202800 9769357312.000000
0.204000 9532445696.000000
0.205200 9216959488.000000
0.206400 8827317248.000000
0.207600 8368912896.000000
0.208800 7848049664.000000
0.210000 7271770112.000000
0.211200 6647768064.000000
0.212400 5984231936.000000
0.213600 5289659904.000000
0.214800 4572766720.000000
0.216000 3842299392.000000
0.217200 3106870016.000000
0.218400 2374863872.000000
0.219600 1654285184.000000
0.220800 952611136.000000
0.222000 276745984.000000
0.223200 -367097440.000000
0.224400 -973487808.000000
0.225600 -1537768192.000000
0.226800 -2056154112.000000
0.228000 -2525693440.000000
0.229200 -2944288768.000000
0.230400 -3310691584.000000
0.231600 -3624436224.000000
0.232800 -3885811968.000000
0.234000 -4095814400.000000
0.235200 -4256051712.000000
0.236400 -4368692736.000000
0.237600 -4436380672.000000
0.238800 -4462149632.000000
0.240000 -4449345024.000000
0.241200 -4401540608.000000
0.242400 -4322462720.000000
0.243600 -4215911168.000000
0.244800 -4085695488.000000
0.246000 -3935572480.000000
0.247200 -3769182720.000000
0.248400 -3590015488.000000
0.249600 -3401363712.000000
0.250800 -3206283008.000000
0.252000 -3007586560.000000
0.253200 -2807805440.000000
0.254400 -2609207040.000000
0.255600 -2413763584.000000
0.256800 -2223163904.000000
0.258000 -2038840064.000000
0.259200 -1861946368.000000
0.260400 -1693391104.000000
0.261600 -1533864960.000000
0.262800 -1383836416.000000
0.264000 -1243587840.000000
0.265200 -1113232384.000000
0.266400 -992743616.000000
0.267600 -881962752.000000
0.268800 -780625600.000000
0.270000 -688391168.000000
0.271200 -604843456.000000
0.272400 -529516512.000000
0.273600 -461915424.000000
0.274800 -401516704.000000
0.276000 -347787520.000000
0.277200 -300198400.000000
0.278400 -258223808.000000
0.279600 -221353472.000000
0.280800 -189100032.000000
0.282000 -160997792.000000
0.283200 -136608608.000000
0.284400 -115525408.000000
0.285600 -97369936.000000
0.286800 -81794672.000000
0.288000 -68483944.000000
0.289200 -57150684.000000
0.290400 -47536432.000000
0.291600 -39410748.000000
0.292800 -32567846.000000
0.294000 -26825976.000000
0.295200 -22025060.000000
0.296400 -18025310.000000
0.297600 -14704659.000000
0.298800 -11957401.000000
0.300000 -9692502.000000
0.301200 -7831679.000000
0.302400 -6308050.500000
0.303600 -5064835.000000
0.304800 -4053838.000000
0.306000 -3234446.750000
0.307200 -2572608.000000
0.308400 -2039805.000000
0.309600 -1612298.625000
0.310800 -1270433.750000
0.312000 -997950.250000
0.313200 -781476.250000
0.314400 -610071.437500
0.315600 -474792.593750
0.316800 -368370.531250
0.318000 -284925.718750
0.319200 -219706.828125
0.320400 -168896.421875
0.321600 -129440.429688
0.322800 -98898.773438
0.324000 -75333.039062
0.325200 -57207.582031
0.326400 -43311.324219
0.327600 -32691.052734
0.328800 -24599.970703
0.330000 -18455.492188
0.331200 -13803.914062
0.332400 -10293.438477
0.333600 -7652.626465
0.334800 -5672.179688
0.336000 -4191.559082
0.337200 -3088.148682
0.338400 -2268.364990
0.339600 -1661.191040
0.340800 -1212.904053
0.342000 -882.937866
0.343200 -640.809204
0.344400 -463.693848
0.345600 -334.529419
0.346800 -240.622635
0.348000 -172.561722
0.349200 -123.383698
0.350400 -87.957458
0.351600 -62.516773
0.352800 -44.302559
0.354000 -31.301825
0.355200 -22.050377
0.356400 -15.487280
0.357600 -10.845422
0.358800 -7.572254
0.360000 -5.271348
0.361200 -3.658738
0.362400 -2.531934
0.363600 -1.746991
0.364800 -1.201840
0.366000 -0.824357
0.367200 -0.563774
0.368400 -0.384426
0.369600 -0.261359
0.370800 -0.177167
0.372000 -0.119743
0.373200 -0.080693
0.374400 -0.054218
0.375600 -0.036323
0.376800 -0.024262
0.378000 -0.016159
0.379200 -0.010730
0.380400 -0.007105
0.381600 -0.004690
0.382800 -0.003087
0.384000 -0.002026
0.385200 -0.001326
0.386400 -0.000865
0.387600 -0.000563
0.388800 -0.000365
0.390000 -0.000236
0.391200 -0.000152
0.392400 -0.000098
0.393600 -0.000063
0.394800 -0.000040
0.396000 -0.000026
0.397200 -0.000016
0.398400 -0.000010
0.399600 -0.000007
0.400800 -0.000004
0.402000 -0.000003
0.403200 -0.000002
0.404400 -0.000001
0.405600 -0.000001
0.406800 -0.000000
0.408000 -0.000000
0.409200 -0.000000
0.410400 -0.000000
0.411600 -0.000000
0.412800 -0.000000
0.414000 -0.000000
0.415200 -0.000000
0.416400 -0.000000
0.417600 -0.000000
0.418800 -0.000000
0.420000 -0.000000
0.421200 -0.000000
0.422400 -0.000000
0.423600 -0.000000
0.424800 -0.000000
0.426000 -0.000000
0.427200 -0.000000
0.428400 -0.000000
0.429600 -0.000000
0.430800 -0.000000
0.432000 -0.000000
0.433200 -0.000000
0.434400 -0.000000
0.435600 -0.000000
0.436800 -0.000000
0.438000 -0.000000
0.439200 -0.000000
0.440400 -0.000000
0.441600 -0.000000
0.442800 -0.000000
0.444000 -0.000000
0.445200 -0.000000
0.446400 -0.000000
0.447600 -0.000000
0.448800 -0.000000
0.450000 -0.000000
0.451200 -0.000000
0.452400 -0.000000
0.453600 -0.000000
0.454800 -0.000000
0.456000 -0.000000
0.457200 -0.000000
0.458400 -0.000000
0.459600 -0.000000
0.460800 -0.000000
0.462000 -0.000000
0.463200 -0.000000
0.464400 -0.000000
0.465600 -0.000000
0.466800 -0.000000
0.468000 -0.000000
0.469200 -0.000000
0.470400 -0.000000
0.471600 -0.000000
0.472800 -0.000000
0.474000 -0.000000
0.475200 -0.000000
0.476400 -0.000000
0.477600 -0.000000
0.478800 -0.000000
0.480000 -0.000000
0.481200 -0.000000
0.482400 -0.000000
0.483600 -0.000000
0.484800 -0.000000
0.486000 -0.000000
0.487200 -0.000000
0.488400 -0.000000
0.489600 -0.000000
0.490800 -0.000000
0.492000 -0.000000
0.493200 -0.000000
0.494400 -0.000000
0.495600 -0.000000
0.496800 -0.000000
0.498000 -0.000000
0.499200 -0.000000
0.500400 -0.000000
0.501600 -0.000000
0.502800 -0.000000
0.504000 -0.000000
0.505200 -0.000000
0.506400 -0.000000
0.507600 -0.000000
0.508800 -0.000000
0.510000 -0.000000
0.511200 -0.000000
0.512400 -0.000000
0.513600 -0.000000
0.514800 -0.000000
0.516000 -0.000000
0.517200 -0.000000
0.518400 -0.000000
0.519600 -0.000000
0.520800 -0.000000
0.522000 -0.000000
0.523200 -0.000000
0.524400 -0.000000
0.525600 -0.000000
0.526800 -0.000000
0.528000 -0.000000
0.529200 -0.000000
0.530400 -0.000000
0.531600 -0.000000
0.532800 -0.000000
0.534000 -0.000000
0.535200 -0.000000
0.536400 -0.000000
0.537600 -0.000000
0.538800 -0.000000
0.540000 -0.000000
0.541200 -0.000000
0.542400 -0.000000
0.543600 -0.000000
0.544800 -0.000000
0.546000 -0.000000
0.547200 -0.000000
0.548400 -0.000000
0.549600 -0.000000
0.550800 -0.000000
0.552000 -0.000000
0.553200 -0.000000
0.554400 -0.000000
0.555600 -0.000000
0.556800 -0.000000
0.558000 -0.000000
0.559200 -0.000000
0.560400 -0.000000
0.561600 -0.000000
0.562800 -0.000000
0.564000 -0.000000
0.565200 -0.000000
0.566400 -0.000000
0.567600 -0.000000
0.568800 -0.000000
0.570000 -0.000000
0.571200 -0.000000
0.572400 -0.000000
0.573600 -0.000000
0.574800 -0.000000
0.576000 -0.000000
0.577200 -0.000000
0.578400 -0.000000
0.579600 -0.000000
0.580800 -0.000000
0.582000 -0.000000
0.583200 -0.000000
0.584400 -0.000000
0.585600 -0.000000
0.586800 -0.000000
0.588000 -0.000000
0.589200 -0.000000
0.590400 -0.000000
0.591600 -0.000000
0.592800 -0.000000
0.594000 -0.000000
0.595200 -0.000000
0.596400 -0.000000
0.597600 -0.000000
0.598800 -0.000000
0.600000 -0.000000
0.601200 -0.000000
0.602400 -0.000000
0.603600 -0.000000
0.604800 -0.000000
0.606000 -0.000000
0.607200 -0.000000
0.608400 -0.000000
0.609600 -0.000000
0.610800 -0.000000
0.612000 -0.000000
0.613200 -0.000000
0.614400 -0.000000
0.615600 -0.000000
0.616800 -0.000000
0.618000 -0.000000
0.619200 -0.000000
0.620400 -0.000000
0.621600 -0.000000
0.622800 -0.000000
0.624000 -0.000000
0.625200 -0.000000
0.626400 -0.000000
0.627600 -0.000000
0.628800 -0.000000
0.630000 -0.000000
0.631200 -0.000000
0.632400 -0.000000
0.633600 -0.000000
0.634800 -0.000000
0.636000 -0.000000
0.637200 -0.000000
0.638400 -0.000000
0.639600 -0.000000
0.640800 -0.000000
0.642000 -0.000000
0.643200 -0.000000
0.644400 -0.000000
0.645600 -0.000000
0.646800 -0.000000
0.648000 -0.000000
0.649200 -0.000000
0.650400 -0.000000
0.651600 -0.000000
0.652800 -0.000000
0.654000 -0.000000
0.655200 -0.000000
0.656400 -0.000000
0.657600 -0.000000
0.658800 -0.000000
0.660000 -0.000000
0.661200 -0.000000
0.662400 -0.000000
0.663600 -0.000000
0.664800 -0.000000
0.666000 -0.000000
0.667200 -0.000000
0.668400 -0.000000
0.669600 -0.000000
0.670800 -0.000000
0.672000 -0.000000
0.673200 -0.000000
0.674400 -0.000000
0.675600 -0.000000
0.676800 -0.000000
0.678000 -0.000000
0.679200 -0.000000
0.680400 -0.000000
0.681600 -0.000000
0.682800 -0.000000
0.684000 -0.000000
0.685200 -0.000000
0.686400 -0.000000
0.687600 -0.000000
0.688800 -0.000000
0.690000 -0.000000
0.691200 -0.000000
0.692400 -0.000000
0.693600 -0.000000
0.694800 -0.000000
0.696000 -0.000000
0.697200 -0.000000
0.698400 -0.000000
0.699600 -0.000000
0.700800 -0.000000
0.702000 -0.000000
0.703200 -0.000000
0.704400 -0.000000
0.705600 -0.000000
0.706800 -0.000000
0.708000 -0.000000
0.709200 -0.000000
0.710400 -0.000000
0.711600 -0.000000
0.712800 -0.000000
0.714000 -0.000000
0.715200 -0.000000
0.716400 -0.000000
0.717600 -0.000000
0.718800 -0.000000
0.720000 -0.000000
0.721200 -0.000000
0.722400 -0.000000
0.723600 -0.000000
0.724800 -0.000000
0.726000 -0.000000
0.727200 -0.000000
0.728400 -0.000000
0.729600 -0.000000
0.730800 -0.000000
0.732000 -0.000000
0.733200 -0.000000
0.734400 -0.000000
0.735600 -0.000000
0.736800 -0.000000
0.738000 -0.000000
0.739200 -0.000000
0.740400 -0.000000
0.741600 -0.000000
0.742800 -0.000000
0.744000 -0.000000
0.745200 -0.000000
0.746400 -0.000000
0.747600 -0.000000
0.748800 -0.000000
0.750000 -0.000000
0.751200 -0.000000
0.752400 -0.000000
0.753600 -0.000000
0.754800 -0.000000
0.756000 -0.000000
0.757200 -0.000000
0.758400 -0.000000
0.759600 -0.000000
0.760800 -0.000000
0.762000 -0.000000
0.763200 -0.000000
0.764400 -0.000000
0.765600 -0.000000
0.766800 -0.000000
0.768000 -0.000000
0.769200 -0.000000
0.770400 -0.000000
0.771600 -0.000000
0.772800 -0.000000
0.774000 -0.000000
0.775200 -0.000000
0.776400 -0.000000
0.777600 -0.000000
0.778800 -0.000000
0.780000 -0.000000
0.781200 -0.000000
0.782400 -0.000000
0.783600 -0.000000
0.784800 -0.000000
0.786000 -0.000000
0.787200 -0.000000
0.788400 -0.000000
0.789600 -0.000000
0.790800 -0.000000
0.792000 -0.000000
0.793200 -0.000000
0.794400 -0.000000
0.795600 -0.000000
0.796800 -0.000000
0.798000 -0.000000
0.799200 -0.000000
0.800400 -0.000000
0.801600 -0.000000
0.802800 -0.000000
0.804000 -0.000000
0.805200 -0.000000
0.806400 -0.000000
0.807600 -0.000000
0.808800 -0.000000
0.810000 -0.000000
0.811200 -0.000000
0.812400 -0.000000
0.813600 -0.000000
0.814800 -0.000000
0.816000 -0.000000
0.817200 -0.000000
0.818400 -0.000000
0.819600 -0.000000
0.820800 -0.000000
0.822000 -0.000000
0.823200 -0.000000
0.824400 -0.000000
0.825600 -0.000000
0.826800 -0.000000
0.828000 -0.000000
0.829200 -0.000000
0.830400 -0.000000
0.831600 -0.000000
0.832800 -0.000000
0.834000 -0.000000
0.835200 -0.000000
0.836400 -0.000000
0.837600 -0.000000
0.838800 -0.000000
0.840000 -0.000000
0.841200 -0.000000
0.842400 -0.000000
0.843600 -0.000000
0.844800 -0.000000
0.846000 -0.000000
0.847200 -0.000000
0.848400 -0.000000
0.849600 -0.000000
0.850800 -0.000000
0.852000 -0.000000
0.853200 -0.000000
0.854400 -0.000000
0.855600 -0.000000
0.856800 -0.000000
0.858000 -0.000000
0.859200 -0.000000
0.860400 -0.000000
0.861600 -0.000000
0.862800 -0.000000
0.864000 -0.000000
0.865200 -0.000000
0.866400 -0.000000
0.867600 -0.000000
0.868800 -0.000000
0.870000 -0.000000
0.871200 -0.000000
0.872400 -0.000000
0.873600 -0.000000
0.874800 -0.000000
0.876000 -0.000000
0.877200 -0.000000
0.878400 -0.000000
0.879600 -0.000000
0.880800 -0.000000
0.882000 -0.000000
0.883200 -0.000000
0.884400 -0.000000
0.885600 -0.000000
0.886800 -0.000000
0.888000 -0.000000
0.889200 -0.000000
0.890400 -0.000000
0.891600 -0.000000
0.892800 -0.000000
0.894000 -0.000000
0.895200 -0.000000
0.896400 -0.000000
0.897600 -0.000000
0.898800 -0.000000
0.900000 -0.000000
0.901200 -0.000000
0.902400 -0.000000
0.903600 -0.000000
0.904800 -0.000000
0.906000 -0.000000
0.907200 -0.000000
0.908400 -0.000000
0.909600 -0.000000
0.910800 -0.000000
0.912000 -0.000000
0.913200 -0.000000
0.914400 -0.000000
0.915600 -0.000000
0.916800 -0.000000
0.918000 -0.000000
0.919200 -0.000000
0.920400 -0.000000
0.921600 -0.000000
0.922800 -0.000000
0.924000 -0.000000
0.925200 -0.000000
0.926400 -0.000000
0.927600 -0.000000
0.928800 -0.000000
0.930000 -0.000000
0.931200 -0.000000
0.932400 -0.000000
0.933600 -0.000000
0.934800 -0.000000
0.936000 -0.000000
0.937200 -0.000000
0.938400 -0.000000
0.939600 -0.000000
0.940800 -0.000000
0.942000 -0.000000
0.943200 -0.000000
0.944400 -0.000000
0.945600 -0.000000
0.946800 -0.000000
0.948000 -0.000000
0.949200 -0.000000
0.950400 -0.000000
0.951600 -0.000000
0.952800 -0.000000
0.954000 -0.000000
0.955200 -0.000000
0.956400 -0.000000
0.957600 -0.000000
0.958800 -0.000000
0.960000 -0.000000
0.961200 -0.000000
0.962400 -0.000000
0.963600 -0.000000
0.964800 -0.000000
0.966000 -0.000000
0.967200 -0.000000
0.968400 -0.000000
0.969600 -0.000000
0.970800 -0.000000
0.972000 -0.000000
0.973200 -0.000000
0.974400 -0.000000
0.975600 -0.000000
0.976800 -0.000000
0.978000 -0.000000
0.979200 -0.000000
0.980400 -0.000000
0.981600 -0.000000
0.982800 -0.000000
0.984000 -0.000000
0.985200 -0.000000
0.986400 -0.000000
0.987600 -0.000000
0.988800 -0.000000
0.990000 -0.000000
0.991200 -0.000000
0.992400 -0.000000
0.993600 -0.000000
0.994800 -0.000000
0.996000 -0.000000
0.997200 -0.000000
0.998400 -0.000000
0.999600 -0.000000
1.000800 -0.000000
1.002000 -0.000000
1.003200 -0.000000
1.004400 -0.000000
1.005600 -0.000000
1.006800 -0.000000
1.008000 -0.000000
1.009200 -0.000000
1.010400 -0.000000
1.011600 -0.000000
1.012800 -0.000000
1.014000 -0.000000
1.015200 -0.000000
1.016400 -0.000000
1.017600 -0.000000
1.018800 -0.000000
1.020000 -0.000000
1.021200 -0.000000
1.022400 -0.000000
1.023600 -0.000000
1.024800 -0.000000
1.026000 -0.000000
1.027200 -0.000000
1.028400 -0.000000
1.029600 -0.000000
1.030800 -0.000000
1.032000 -0.000000
1.033200 -0.000000
1.034400 -0.000000
1.035600 -0.000000
1.036800 -0.000000
1.038000 -0.000000
1.039200 -0.000000
1.040400 -0.000000
1.041600 -0.000000
1.042800 -0.000000
1.044000 -0.000000
1.045200 -0.000000
1.046400 -0.000000
1.047600 -0.000000
1.048800 -0.000000
1.050000 -0.000000
1.051200 -0.000000
1.052400 -0.000000
1.053600 -0.000000
1.054800 -0.000000
1.056000 -0.000000
1.057200 -0.000000
1.058400 -0.000000
1.059600 -0.000000
1.060800 -0.000000
1.062000 -0.000000
1.063200 -0.000000
1.064400 -0.000000
1.065600 -0.000000
1.066800 -0.000000
1.068000 -0.000000
1.069200 -0.000000
1.070400 -0.000000
1.071600 -0.000000
1.072800 -0.000000
1.074000 -0.000000
1.075200 -0.000000
1.076400 -0.000000
1.077600 -0.000000
1.078800 -0.000000
1.080000 -0.000000
1.081200 -0.000000
1.082400 -0.000000
1.083600 -0.000000
1.084800 -0.000000
1.086000 -0.000000
1.087200 -0.000000
1.088400 -0.000000
1.089600 -0.000000
1.090800 -0.000000
1.092000 -0.000000
1.093200 -0.000000
1.094400 -0.000000
1.095600 -0.000000
1.096800 -0.000000
1.098000 -0.000000
1.099200 -0.000000
1.100400 -0.000000
1.101600 -0.000000
1.102800 -0.000000
1.104000 -0.000000
1.105200 -0.000000
1.106400 -0.000000
1.107600 -0.000000
1.108800 -0.000000
1.110000 -0.000000
1.111200 -0.000000
1.112400 -0.000000
1.113600 -0.000000
1.114800 -0.000000
1.116000 -0.000000
1.117200 -0.000000
1.118400 -0.000000
1.119600 -0.000000
1.120800 -0.000000
1.122000 -0.000000
1.123200 -0.000000
1.124400 -0.000000
1.125600 -0.000000
1.126800 -0.000000
1.128000 -0.000000
1.129200 -0.000000
1.130400 -0.000000
1.131600 -0.000000
1.132800 -0.000000
1.134000 -0.000000
1.135200 -0.000000
1.136400 -0.000000
1.137600 -0.000000
1.138800 -0.000000
1.140000 -0.000000
1.141200 -0.000000
1.142400 -0.000000
1.143600 -0.000000
1.144800 -0.000000
1.146000 -0.000000
1.147200 -0.000000
1.148400 -0.000000
1.149600 -0.000000
1.150800 -0.000000
1.152000 -0.000000
1.153200 -0.000000
1.154400 -0.000000
1.155600 -0.000000
1.156800 -0.000000
1.158000 -0.000000
1.159200 -0.000000
1.160400 -0.000000
1.161600 -0.000000
1.162800 -0.000000
1.164000 -0.000000
1.165200 -0.000000
1.166400 -0.000000
1.167600 -0.000000
1.168800 -0.000000
1.170000 -0.000000
1.171200 -0.000000
1.172400 -0.000000
1.173600 -0.000000
1.174800 -0.000000
1.176000 -0.000000
1.177200 -0.000000
1.178400 -0.000000
1.179600 -0.000000
1.180800 -0.000000
1.182000 -0.000000
1.183200 -0.000000
1.184400 -0.000000
1.185600 -0.000000
1.186800 -0.000000
1.188000 -0.000000
1.189200 -0.000000
1.190400 -0.000000
1.191600 -0.000000
1.192800 -0.000000
1.194000 -0.000000
1.195200 -0.000000
1.196400 -0.000000
1.197600 -0.000000
1.198800 -0.000000
