25.00 25.0
225.00 25.0
425.00 25.0
625.00 25.0
825.00 25.0
1025.00 25.0
1225.00 25.0
1425.00 25.0
1625.00 25.0
1825.00 25.0
2025.00 25.0
2225.00 25.0
2425.00 25.0
2625.00 25.0
2825.00 25.0
3025.00 25.0
3225.00 25.0
3425.00 25.0
3625.00 25.0
3825.00 25.0
4025.00 25.0
4225.00 25.0
4425.00 25.0
4625.00 25.0
4825.00 25.0
5025.00 25.0
5225.00 25.0
5425.00 25.0
5625.00 25.0
5825.00 25.0
6025.00 25.0
6225.00 25.0
6425.00 25.0
6625.00 25.0
6825.00 25.0
7025.00 25.0
7225.00 25.0
7425.00 25.0
25.00 225.00
25.00 425.00
25.00 625.00
25.00 825.00
25.00 1025.00
25.00 1225.00
25.00 1425.00
25.00 1625.00
25.00 1825.00
25.00 2025.00
25.00 2225.00
25.00 2425.00
25.00 2625.00
25.00 2825.00
25.00 3025.00
25.00 3225.00
25.00 3425.00
25.00 3625.00
25.00 3825.00
25.00 4025.00
25.00 4225.00
25.00 4425.00
25.00 4625.00
25.00 4825.00
25.00 5025.00
25.00 5225.00
25.00 5425.00
25.00 5625.00
25.00 5825.00
25.00 6025.00
25.00 6225.00
25.00 6425.00
25.00 6625.00
25.00 6825.00
25.00 7025.00
25.00 7225.00
25.00 7425.00
