80.00 80.00
160.00 80.00
240.00 80.00
320.00 80.00
400.00 80.00
480.00 80.00
560.00 80.00
640.00 80.00
720.00 80.00
800.00 80.00
880.00 80.00
960.00 80.00
1040.00 80.00
1120.00 80.00
1200.00 80.00
1280.00 80.00
1360.00 80.00
1440.00 80.00
1520.00 80.00
1600.00 80.00
1680.00 80.00
1760.00 80.00
1840.00 80.00
1920.00 80.00
2000.00 80.00
2080.00 80.00
2160.00 80.00
2240.00 80.00
2320.00 80.00
2400.00 80.00
2480.00 80.00
2560.00 80.00
2640.00 80.00
2720.00 80.00
2800.00 80.00
2880.00 80.00
2960.00 80.00
3040.00 80.00
3120.00 80.00
3200.00 80.00
3280.00 80.00
3360.00 80.00
3440.00 80.00
3520.00 80.00
3600.00 80.00
3680.00 80.00
3760.00 80.00
3840.00 80.00
3920.00 80.00
4000.00 80.00
4080.00 80.00
4160.00 80.00
4240.00 80.00
4320.00 80.00
4400.00 80.00
4480.00 80.00
4560.00 80.00
4640.00 80.00
4720.00 80.00
4800.00 80.00
4880.00 80.00
4920.00 80.00
4920.00 160.00
4920.00 240.00
4920.00 320.00
4920.00 400.00
4920.00 480.00
4920.00 560.00
4920.00 640.00
4920.00 720.00
4920.00 800.00
4920.00 880.00
4920.00 960.00
4920.00 1040.00
4920.00 1120.00
4920.00 1200.00
4920.00 1280.00
4920.00 1360.00
4920.00 1440.00
4920.00 1520.00
4920.00 1600.00
4920.00 1680.00
4920.00 1760.00
4920.00 1840.00
4920.00 1920.00
4920.00 2000.00
4920.00 2080.00
4920.00 2160.00
4920.00 2240.00
4920.00 2320.00
4920.00 2400.00
4920.00 2480.00
4920.00 2560.00
4920.00 2640.00
4920.00 2720.00
4920.00 2800.00
4920.00 2880.00
4920.00 2960.00
4920.00 3040.00
4920.00 3120.00
4920.00 3200.00
4920.00 3280.00
4920.00 3360.00
4920.00 3440.00
4920.00 3520.00
4920.00 3600.00
4920.00 3680.00
4920.00 3760.00
4920.00 3840.00
4920.00 3920.00
4920.00 4000.00
4920.00 4080.00
4920.00 4160.00
4920.00 4240.00
4920.00 4320.00
4920.00 4400.00
4920.00 4480.00
4920.00 4560.00
4920.00 4640.00
4920.00 4720.00
4920.00 4800.00
4920.00 4880.00
80.00 4920.00
160.00 4920.00
240.00 4920.00
320.00 4920.00
400.00 4920.00
480.00 4920.00
560.00 4920.00
640.00 4920.00
720.00 4920.00
800.00 4920.00
880.00 4920.00
960.00 4920.00
1040.00 4920.00
1120.00 4920.00
1200.00 4920.00
1280.00 4920.00
1360.00 4920.00
1440.00 4920.00
1520.00 4920.00
1600.00 4920.00
1680.00 4920.00
1760.00 4920.00
1840.00 4920.00
1920.00 4920.00
2000.00 4920.00
2080.00 4920.00
2160.00 4920.00
2240.00 4920.00
2320.00 4920.00
2400.00 4920.00
2480.00 4920.00
2560.00 4920.00
2640.00 4920.00
2720.00 4920.00
2800.00 4920.00
2880.00 4920.00
2960.00 4920.00
3040.00 4920.00
3120.00 4920.00
3200.00 4920.00
3280.00 4920.00
3360.00 4920.00
3440.00 4920.00
3520.00 4920.00
3600.00 4920.00
3680.00 4920.00
3760.00 4920.00
3840.00 4920.00
3920.00 4920.00
4000.00 4920.00
4080.00 4920.00
4160.00 4920.00
4240.00 4920.00
4320.00 4920.00
4400.00 4920.00
4480.00 4920.00
4560.00 4920.00
4640.00 4920.00
4720.00 4920.00
4800.00 4920.00
4880.00 4920.00
80.00 160.00
80.00 240.00
80.00 320.00
80.00 400.00
80.00 480.00
80.00 560.00
80.00 640.00
80.00 720.00
80.00 800.00
80.00 880.00
80.00 960.00
80.00 1040.00
80.00 1120.00
80.00 1200.00
80.00 1280.00
80.00 1360.00
80.00 1440.00
80.00 1520.00
80.00 1600.00
80.00 1680.00
80.00 1760.00
80.00 1840.00
80.00 1920.00
80.00 2000.00
80.00 2080.00
80.00 2160.00
80.00 2240.00
80.00 2320.00
80.00 2400.00
80.00 2480.00
80.00 2560.00
80.00 2640.00
80.00 2720.00
80.00 2800.00
80.00 2880.00
80.00 2960.00
80.00 3040.00
80.00 3120.00
80.00 3200.00
80.00 3280.00
80.00 3360.00
80.00 3440.00
80.00 3520.00
80.00 3600.00
80.00 3680.00
80.00 3760.00
80.00 3840.00
80.00 3920.00
80.00 4000.00
80.00 4080.00
80.00 4160.00
80.00 4240.00
80.00 4320.00
80.00 4400.00
80.00 4480.00
80.00 4560.00
80.00 4640.00
80.00 4720.00
80.00 4800.00
80.00 4880.00
