0.000000 0.111291
0.002000 0.098392
0.004000 0.084468
0.006000 0.069482
0.008000 0.053395
0.010000 0.036170
0.012000 0.017767
0.014000 -0.001853
0.016000 -0.022728
0.018000 -0.044897
0.020000 -0.068399
0.022000 -0.093274
0.024000 -0.119558
0.026000 -0.147290
0.028000 -0.176508
0.030000 -0.207249
0.032000 -0.239549
0.034000 -0.273444
0.036000 -0.308967
0.038000 -0.346154
0.040000 -0.385037
0.042000 -0.425646
0.044000 -0.468012
0.046000 -0.512162
0.048000 -0.558123
0.050000 -0.605920
0.052000 -0.655574
0.054000 -0.707107
0.056000 -0.760535
0.058000 -0.815873
0.060000 -0.873135
0.062000 -0.932328
0.064000 -0.993459
0.066000 -1.056530
0.068000 -1.121539
0.070000 -1.188482
0.072000 -1.257348
0.074000 -1.328124
0.076000 -1.400790
0.078000 -1.475324
0.080000 -1.551697
0.082000 -1.629872
0.084000 -1.709812
0.086000 -1.791468
0.088000 -1.874789
0.090000 -1.959714
0.092000 -2.046178
0.094000 -2.134105
0.096000 -2.223416
0.098000 -2.314020
0.100000 -2.405819
0.102000 -2.498706
0.104000 -2.592567
0.106000 -2.687277
0.108000 -2.782699
0.110000 -2.878691
0.112000 -2.975097
0.114000 -3.071751
0.116000 -3.168476
0.118000 -3.265084
0.120000 -3.361373
0.122000 -3.457132
0.124000 -3.552136
0.126000 -3.646145
0.128000 -3.738909
0.130000 -3.830163
0.132000 -3.919627
0.134000 -4.007009
0.136000 -4.091999
0.138000 -4.174275
0.140000 -4.253499
0.142000 -4.329316
0.144000 -4.401357
0.146000 -4.469235
0.148000 -4.532547
0.150000 -4.590875
0.152000 -4.643782
0.154000 -4.690814
0.156000 -4.731500
0.158000 -4.765353
0.160000 -4.791866
0.162000 -4.810515
0.164000 -4.820758
0.166000 -4.822035
0.168000 -4.813768
0.170000 -4.795361
0.172000 -4.766201
0.174000 -4.725656
0.176000 -4.673074
0.178000 -4.607790
0.180000 -4.529119
0.182000 -4.436357
0.184000 -4.328787
0.186000 -4.205672
0.188000 -4.066261
0.190000 -3.909787
0.192000 -3.735465
0.194000 -3.542500
0.196000 -3.330080
0.198000 -3.097380
0.200000 -2.843563
0.202000 -2.567781
0.204000 -2.269175
0.206000 -1.946876
0.208000 -1.600007
0.210000 -1.227684
0.212000 -0.829016
0.214000 -0.403108
0.216000 0.050937
0.218000 0.534020
0.220000 1.047038
0.222000 1.590889
0.224000 2.166467
0.226000 2.774658
0.228000 3.416341
0.230000 4.092385
0.232000 4.803645
0.234000 5.550962
0.236000 6.335157
0.238000 7.157033
0.240000 8.017365
0.242000 8.916906
0.244000 9.856376
0.246000 10.836461
0.248000 11.857812
0.250000 12.921039
0.252000 14.026705
0.254000 15.175329
0.256000 16.367373
0.258000 17.603244
0.260000 18.883289
0.262000 20.207787
0.264000 21.576947
0.266000 22.990901
0.268000 24.449703
0.270000 25.953317
0.272000 27.501619
0.274000 29.094385
0.276000 30.731290
0.278000 32.411899
0.280000 34.135662
0.282000 35.901906
0.284000 37.709833
0.286000 39.558508
0.288000 41.446857
0.290000 43.373656
0.292000 45.337526
0.294000 47.336926
0.296000 49.370145
0.298000 51.435294
0.300000 53.530301
0.302000 55.652899
0.304000 57.800622
0.306000 59.970796
0.308000 62.160528
0.310000 64.366703
0.312000 66.585972
0.314000 68.814745
0.316000 71.049184
0.318000 73.285191
0.320000 75.518403
0.322000 77.744184
0.324000 79.957614
0.326000 82.153480
0.328000 84.326274
0.330000 86.470176
0.332000 88.579053
0.334000 90.646447
0.336000 92.665570
0.338000 94.629292
0.340000 96.530140
0.342000 98.360282
0.344000 100.111529
0.346000 101.775321
0.348000 103.342725
0.350000 104.804426
0.352000 106.150722
0.354000 107.371521
0.356000 108.456330
0.358000 109.394259
0.360000 110.174007
0.362000 110.783867
0.364000 111.211720
0.366000 111.445030
0.368000 111.470847
0.370000 111.275804
0.372000 110.846116
0.374000 110.167582
0.376000 109.225587
0.378000 108.005104
0.380000 106.490697
0.382000 104.666526
0.384000 102.516353
0.386000 100.023550
0.388000 97.171103
0.390000 93.941626
0.392000 90.317371
0.394000 86.280236
0.396000 81.811784
0.398000 76.893254
0.400000 71.505582
0.402000 65.629414
0.404000 59.245130
0.406000 52.332868
0.408000 44.872540
0.410000 36.843868
0.412000 28.226404
0.414000 18.999564
0.416000 9.142660
0.418000 -1.365067
0.420000 -12.544407
0.422000 -24.416147
0.424000 -37.001023
0.426000 -50.319678
0.428000 -64.392618
0.430000 -79.240156
0.432000 -94.882365
0.434000 -111.339016
0.436000 -128.629529
0.438000 -146.772900
0.440000 -165.787644
0.442000 -185.691726
0.444000 -206.502487
0.446000 -228.236570
0.448000 -250.909846
0.450000 -274.537327
0.452000 -299.133085
0.454000 -324.710162
0.456000 -351.280477
0.458000 -378.854733
0.460000 -407.442315
0.462000 -437.051187
0.464000 -467.687786
0.466000 -499.356910
0.468000 -532.061604
0.470000 -565.803043
0.472000 -600.580404
0.474000 -636.390747
0.476000 -673.228880
0.478000 -711.087225
0.480000 -749.955683
0.482000 -789.821489
0.484000 -830.669068
0.486000 -872.479888
0.488000 -915.232301
0.490000 -958.901393
0.492000 -1003.458822
0.494000 -1048.872649
0.496000 -1095.107182
0.498000 -1142.122796
0.500000 -1189.875765
0.502000 -1238.318086
0.504000 -1287.397297
0.506000 -1337.056300
0.508000 -1387.233174
0.510000 -1437.860991
0.512000 -1488.867628
0.514000 -1540.175577
0.516000 -1591.701754
0.518000 -1643.357308
0.520000 -1695.047427
0.522000 -1746.671146
0.524000 -1798.121153
0.526000 -1849.283596
0.528000 -1900.037890
0.530000 -1950.256526
0.532000 -1999.804882
0.534000 -2048.541036
0.536000 -2096.315575
0.538000 -2142.971422
0.540000 -2188.343649
0.542000 -2232.259308
0.544000 -2274.537258
0.546000 -2314.988004
0.548000 -2353.413537
0.550000 -2389.607182
0.552000 -2423.353458
0.554000 -2454.427938
0.556000 -2482.597129
0.558000 -2507.618352
0.560000 -2529.239635
0.562000 -2547.199627
0.564000 -2561.227510
0.566000 -2571.042936
0.568000 -2576.355975
0.570000 -2576.867080
0.572000 -2572.267061
0.574000 -2562.237094
0.576000 -2546.448729
0.578000 -2524.563935
0.580000 -2496.235158
0.582000 -2461.105399
0.584000 -2418.808330
0.586000 -2368.968416
0.588000 -2311.201081
0.590000 -2245.112894
0.592000 -2170.301785
0.594000 -2086.357293
0.596000 -1992.860846
0.598000 -1889.386081
0.600000 -1775.499189
0.602000 -1650.759306
0.604000 -1514.718941
0.606000 -1366.924442
0.608000 -1206.916506
0.610000 -1034.230739
0.612000 -848.398245
0.614000 -648.946285
0.616000 -435.398967
0.618000 -207.277995
0.620000 35.896529
0.622000 294.605253
0.624000 569.328659
0.626000 860.546098
0.628000 1168.734756
0.630000 1494.368567
0.632000 1837.917055
0.634000 2199.844115
0.636000 2580.606726
0.638000 2980.653594
0.640000 3400.423726
0.642000 3840.344931
0.644000 4300.832247
0.646000 4782.286294
0.648000 5285.091548
0.650000 5809.614540
0.652000 6356.201966
0.654000 6925.178730
0.656000 7516.845893
0.658000 8131.478541
0.660000 8769.323573
0.662000 9430.597393
0.664000 10115.483526
0.666000 10824.130142
0.668000 11556.647486
0.670000 12313.105230
0.672000 13093.529726
0.674000 13897.901176
0.676000 14726.150709
0.678000 15578.157367
0.680000 16453.745007
0.682000 17352.679110
0.684000 18274.663502
0.686000 19219.336989
0.688000 20186.269907
0.690000 21174.960581
0.692000 22184.831711
0.694000 23215.226666
0.696000 24265.405707
0.698000 25334.542128
0.700000 26421.718328
0.702000 27525.921806
0.704000 28646.041094
0.706000 29780.861623
0.708000 30929.061534
0.710000 32089.207427
0.712000 33259.750068
0.714000 34439.020044
0.716000 35625.223388
0.718000 36816.437161
0.720000 38010.605018
0.722000 39205.532751
0.724000 40398.883819
0.726000 41588.174879
0.728000 42770.771326
0.730000 43943.882838
0.732000 45104.558958
0.734000 46249.684704
0.736000 47375.976233
0.738000 48479.976552
0.740000 49558.051315
0.742000 50606.384690
0.744000 51620.975332
0.746000 52597.632466
0.748000 53531.972091
0.750000 54419.413337
0.752000 55255.174973
0.754000 56034.272090
0.756000 56751.512984
0.758000 57401.496248
0.760000 57978.608096
0.762000 58477.019940
0.764000 58890.686237
0.766000 59213.342641
0.768000 59438.504457
0.770000 59559.465451
0.772000 59569.297020
0.774000 59460.847746
0.776000 59226.743379
0.778000 58859.387252
0.780000 58350.961177
0.782000 57693.426830
0.784000 56878.527674
0.786000 55897.791431
0.788000 54742.533157
0.790000 53403.858926
0.792000 51872.670170
0.794000 50139.668715
0.796000 48195.362527
0.798000 46030.072221
0.800000 43633.938359
0.802000 40996.929577
0.804000 38108.851575
0.806000 34959.357010
0.808000 31537.956333
0.810000 27834.029597
0.812000 23836.839292
0.814000 19535.544232
0.816000 14919.214545
0.818000 9976.847799
0.820000 4697.386304
0.822000 -930.264352
0.824000 -6917.215522
0.826000 -13274.574402
0.828000 -20013.421592
0.830000 -27144.787273
0.832000 -34679.625950
0.834000 -42628.789730
0.836000 -51003.000088
0.838000 -59812.818079
0.840000 -69068.612963
0.842000 -78780.529197
0.844000 -88958.451759
0.846000 -99611.969762
0.848000 -110750.338325
0.850000 -122382.438663
0.852000 -134516.736366
0.854000 -147161.237824
0.856000 -160323.444778
0.858000 -174010.306954
0.860000 -188228.172772
0.862000 -202982.738076
0.864000 -218278.992890
0.866000 -234121.166158
0.868000 -250512.668462
0.870000 -267456.032692
0.872000 -284952.852666
0.874000 -303003.719679
0.876000 -321608.156993
0.878000 -340764.552238
0.880000 -360470.087755
0.882000 -380720.668875
0.884000 -401510.850130
0.886000 -422833.759443
0.888000 -444681.020289
0.890000 -467042.671871
0.892000 -489907.087326
0.894000 -513260.890019
0.896000 -537088.867952
0.898000 -561373.886341
0.900000 -586096.798430
0.902000 -611236.354589
0.904000 -636769.109779
0.906000 -662669.329461
0.908000 -688908.894041
0.910000 -715457.201936
0.912000 -742281.071378
0.914000 -769344.641068
0.916000 -796609.269802
0.918000 -824033.435201
0.920000 -851572.631701
0.922000 -879179.267946
0.924000 -906802.563754
0.926000 -934388.446844
0.928000 -961879.449500
0.930000 -989214.605382
0.932000 -1016329.346707
0.934000 -1043155.402005
0.936000 -1069620.694724
0.938000 -1095649.242910
0.940000 -1121161.060254
0.942000 -1146072.058776
0.944000 -1170293.953456
0.946000 -1193734.169118
0.948000 -1216295.749908
0.950000 -1237877.271701
0.952000 -1258372.757811
0.954000 -1277671.598378
0.956000 -1295658.473830
0.958000 -1312213.282835
0.960000 -1327211.075172
0.962000 -1340521.989981
0.964000 -1352011.199840
0.966000 -1361538.861183
0.968000 -1368960.071533
0.970000 -1374124.834102
0.972000 -1376878.030284
0.974000 -1377059.400600
0.976000 -1374503.534697
0.978000 -1369039.870971
0.980000 -1360492.706462
0.982000 -1348681.217639
0.984000 -1333419.492744
0.986000 -1314516.576367
0.988000 -1291776.526953
0.990000 -1264998.487948
0.992000 -1233976.773325
0.994000 -1198500.968243
0.996000 -1158356.045594
0.998000 -1113322.499249
1.000000 -1063176.494791
1.002000 -1007690.038559
1.004000 -946631.165848
1.006000 -879764.149107
1.008000 -806849.727021
1.010000 -727645.355334
1.012000 -641905.480334
1.014000 -549381.835892
1.016000 -449823.764976
1.018000 -342978.566575
1.020000 -228591.868965
1.022000 -106408.030265
1.024000 23829.432768
1.026000 162377.386739
1.028000 309492.593465
1.030000 465431.190704
1.032000 630448.140808
1.034000 804796.646332
1.036000 988727.531657
1.038000 1182488.589683
1.040000 1386323.892629
1.042000 1600473.066051
1.044000 1825170.525130
1.046000 2060644.672357
1.048000 2307117.055732
1.050000 2564801.486618
1.052000 2833903.116432
1.054000 3114617.471364
1.056000 3407129.444369
1.058000 3711612.243685
1.060000 4028226.297212
1.062000 4357118.112072
1.064000 4698419.088788
1.066000 5052244.289503
1.068000 5418691.159772
1.070000 5797838.203488
1.072000 6189743.610582
1.074000 6594443.837205
1.076000 7011952.138175
1.078000 7442257.051564
1.080000 7885320.835365
1.082000 8341077.856297
1.084000 8809432.930879
1.086000 9290259.619040
1.088000 9783398.470608
1.090000 10288655.225157
1.092000 10805798.965832
1.094000 11334560.227846
1.096000 11874629.062559
1.098000 12425653.058114
1.100000 12987235.317828
1.102000 13558932.397627
1.104000 14140252.204049
1.106000 14730651.854456
1.108000 15329535.501306
1.110000 15936252.122531
1.112000 16550093.280247
1.114000 17170290.850243
1.116000 17796014.724900
1.118000 18426370.492430
1.120000 19060397.095537
1.122000 19697064.472865
1.124000 20335271.186821
1.126000 20973842.041653
1.128000 21611525.695894
1.130000 22246992.273593
1.132000 22878830.979004
1.134000 23505547.719743
1.136000 24125562.743671
1.138000 24737208.295124
1.140000 25338726.296405
1.142000 25928266.060776
1.144000 26503882.043553
1.146000 27063531.638228
1.148000 27605073.024908
1.150000 28126263.078731
1.152000 28624755.346272
1.154000 29098098.098352
1.156000 29543732.468031
1.158000 29958990.682979
1.160000 30341094.401800
1.162000 30687153.164304
1.164000 30994162.966146
1.166000 31259004.968634
1.168000 31478444.354976
1.170000 31649129.344644
1.172000 31767590.377961
1.174000 31830239.483468
1.176000 31833369.841071
1.178000 31773155.554390
1.180000 31645651.646199
1.182000 31446794.291286
1.184000 31172401.301497
1.186000 30818172.878181
1.188000 30379692.647703
1.190000 29852428.996112
1.192000 29231736.719506
1.194000 28512859.007059
1.196000 27690929.774095
1.198000 26760976.363025
1.200000 25717922.630351
1.202000 24556592.438368
1.204000 23271713.570545
1.206000 21857922.089976
1.208000 20309767.160627
1.210000 18621716.351456
1.212000 16788161.443808
1.214000 14803424.762787
1.216000 12661766.053598
1.218000 10357389.924102
1.220000 7884453.875067
1.222000 5237076.939795
1.224000 2409348.954998
1.226000 -604659.515089
1.228000 -3810886.579233
1.230000 -7215267.722191
1.232000 -10823723.787946
1.234000 -14642148.220982
1.236000 -18676393.543464
1.238000 -22932257.046271
1.240000 -27415465.671994
1.242000 -32131660.068236
1.244000 -37086377.789780
1.246000 -42285035.628550
1.248000 -47732911.050668
1.250000 -53435122.720358
1.252000 -59396610.090972
1.254000 -65622112.044042
1.256000 -72116144.557880
1.258000 -78882977.388071
1.260000 -85926609.742999
1.262000 -93250744.938491
1.264000 -100858764.016706
1.266000 -108753698.315490
1.268000 -116938200.975676
1.270000 -125414517.375116
1.272000 -134184454.479709
1.274000 -143249349.103238
1.276000 -152610035.069547
1.278000 -162266809.272404
1.280000 -172219396.630405
1.282000 -182466913.936380
1.284000 -193007832.603078
1.286000 -203839940.309406
1.288000 -214960301.554140
1.290000 -226365217.126962
1.292000 -238050182.509783
1.294000 -250009845.224734
1.296000 -262237961.148875
1.298000 -274727349.819734
1.300000 -287469848.760177
1.302000 -300456266.855962
1.304000 -313676336.824654
1.306000 -327118666.820501
1.308000 -340770691.226410
1.310000 -354618620.691514
1.312000 -368647391.480956
1.314000 -382840614.213783
1.316000 -397180522.075174
1.318000 -411647918.601007
1.320000 -426222125.146009
1.322000 -440880928.161816
1.324000 -455600526.428443
1.326000 -470355478.402136
1.328000 -485118649.864740
1.330000 -499861162.084819
1.332000 -514552340.729394
1.334000 -529159665.797564
1.336000 -543648722.883965
1.338000 -557983156.121195
1.340000 -572124623.196626
1.342000 -586032752.891086
1.344000 -599665105.644982
1.346000 -612977137.721845
1.348000 -625922169.610056
1.350000 -638451359.381215
1.352000 -650513681.808973
1.354000 -662055914.144648
1.356000 -673022629.544521
1.358000 -683356199.248693
1.360000 -692996804.723068
1.362000 -701882461.093039
1.364000 -709949053.317717
1.366000 -717130386.674427
1.368000 -723358253.243919
1.370000 -728562516.207181
1.372000 -732671213.879806
1.374000 -735610685.512400
1.376000 -737305720.974546
1.378000 -737679736.514448
1.380000 -736654978.839291
1.382000 -734152759.784248
1.384000 -730093723.822644
1.386000 -724398150.613897
1.388000 -716986294.689355
1.390000 -707778764.228641
1.392000 -696696940.668322
1.394000 -683663440.601685
1.396000 -668602621.075027
1.398000 -651441128.969083
1.400000 -632108494.659157
1.402000 -610537769.555691
1.404000 -586666206.452343
1.406000 -560435980.867775
1.408000 -531794950.751566
1.410000 -500697451.027978
1.412000 -467105118.479717
1.414000 -430987741.451538
1.416000 -392324127.807929
1.418000 -351102983.512640
1.420000 -307323793.116950
1.422000 -260997692.371109
1.424000 -212148322.146246
1.426000 -160812651.914018
1.428000 -107041760.187604
1.430000 -50901558.591123
1.432000 7526554.355048
1.434000 68145124.025574
1.436000 130840169.519642
1.438000 195480826.929452
1.440000 261919120.125940
1.442000 329989872.534327
1.444000 399510772.475035
1.446000 470282603.447531
1.448000 542089649.221629
1.450000 614700281.785237
1.452000 687867738.108610
1.454000 761331089.336502
1.456000 834816403.422780
1.458000 908038099.395961
1.460000 980700488.457098
1.462000 1052499494.050001
1.464000 1123124539.938796
1.466000 1192260592.205301
1.468000 1259590337.989368
1.470000 1324796480.847555
1.472000 1387564129.926673
1.474000 1447583257.741646
1.476000 1504551199.196237
1.478000 1558175162.725236
1.480000 1608174723.190032
1.482000 1654284265.407623
1.484000 1696255346.920244
1.486000 1733858948.847410
1.488000 1766887584.462474
1.490000 1795157236.550234
1.492000 1818509096.553174
1.494000 1836811080.915635
1.496000 1849959102.913915
1.498000 1857878081.608508
1.500000 1860522673.259395
1.502000 1857877714.513013
1.504000 1849958370.852811
1.506000 1836809988.129932
1.508000 1818507649.359635
1.510000 1795155443.284826
1.512000 1766885455.391231
1.514000 1733856496.051269
1.516000 1696252584.177895
1.518000 1654281208.073825
1.520000 1608171388.041171
1.522000 1558171567.777225
1.524000 1504547363.532445
1.526000 1447579201.361804
1.528000 1387559873.590934
1.530000 1324792045.888177
1.532000 1259585746.101529
1.534000 1192255865.259516
1.536000 1123119699.827671
1.538000 1052494562.551199
1.540000 980695487.103199
1.542000 908033049.351504
1.544000 834811325.369355
1.546000 761326003.360680
1.548000 687862663.580846
1.550000 614695237.236980
1.552000 542084652.246889
1.554000 470277670.635523
1.556000 399505919.358104
1.558000 329985113.538749
1.560000 261914468.528118
1.562000 195476294.828479
1.564000 130835767.828095
1.566000 68140862.471425
1.568000 7522441.491541
1.570000 -50905515.366779
1.572000 -107045554.607164
1.574000 -160816278.802847
1.576000 -212151777.377246
1.578000 -261000972.810409
1.580000 -307326896.569871
1.582000 -351105908.672954
1.584000 -392326874.207239
1.586000 -430990309.407164
1.588000 -467107509.041458
1.590000 -500699665.924515
1.592000 -531796992.334782
1.594000 -560437852.049931
1.596000 -586667910.638879
1.598000 -610539310.585013
1.600000 -632109876.752810
1.602000 -651442356.684872
1.604000 -668603699.255796
1.606000 -683664374.321967
1.608000 -696697735.187968
1.610000 -707779424.953997
1.612000 -716986827.134281
1.614000 -724398560.360426
1.616000 -730094016.488030
1.618000 -734152940.995803
1.620000 -736655054.212247
1.622000 -737679711.628859
1.624000 -737305601.352267
1.626000 -735610476.598296
1.628000 -732670921.027942
1.630000 -728562144.669217
1.632000 -723357808.157524
1.634000 -717129873.052136
1.636000 -709948476.038261
1.638000 -701881824.895220
1.640000 -692996114.200313
1.642000 -683355458.844023
1.644000 -673021843.547167
1.646000 -662055086.688528
1.648000 -650512816.872085
1.650000 -638450460.785223
1.652000 -625921241.020137
1.654000 -612976182.647338
1.656000 -599664127.440835
1.658000 -586031754.759606
1.660000 -572123608.189429
1.662000 -557982127.141605
1.664000 -543647682.689880
1.666000 -529158617.004547
1.668000 -514551285.813825
1.670000 -499860103.387123
1.672000 -485117589.592795
1.674000 -470354418.634867
1.676000 -455599469.119495
1.678000 -440879875.143248
1.680000 -426221078.132000
1.682000 -411646879.191603
1.684000 -397179491.760074
1.686000 -382839594.376120
1.688000 -368646383.401048
1.690000 -354617625.550605
1.692000 -340769710.110388
1.694000 -327117700.723583
1.696000 -313675386.653026
1.698000 -300455333.431356
1.700000 -287468932.823409
1.702000 -274726452.034180
1.704000 -262237082.103888
1.706000 -250008985.438996
1.708000 -238049342.434589
1.710000 -226364397.149433
1.712000 -214959502.000365
1.714000 -203839161.447507
1.716000 -193007074.646201
1.718000 -182466177.045608
1.720000 -172218680.917596
1.722000 -162266114.802945
1.724000 -152609361.865037
1.726000 -143248697.144086
1.728000 -134183823.707654
1.730000 -125413907.695669
1.732000 -116937612.260480
1.734000 -108753130.404605
1.736000 -100858216.720812
1.738000 -93250218.041017
1.740000 -85926103.002169
1.742000 -78882490.538881
1.744000 -72115677.313993
1.746000 -65621664.099614
1.748000 -59396181.122401
1.750000 -53434712.387959
1.752000 -47732519.000287
1.754000 -42284661.493095
1.756000 -37086021.190691
1.758000 -32131320.616889
1.760000 -27415142.971033
1.762000 -22931950.690883
1.764000 -18676103.122589
1.766000 -14641873.318457
1.768000 -10823463.983595
1.770000 -7215022.592858
1.772000 -3810655.699750
1.774000 -604442.459200
1.776000 2409552.613774
1.778000 5237267.627351
1.780000 7884632.015944
1.782000 10357555.940775
1.784000 12661920.365805
1.786000 14803567.786910
1.788000 16788293.592294
1.790000 18621838.032278
1.792000 20309878.776791
1.794000 21858024.039065
1.796000 23271806.244299
1.798000 24556676.222301
1.800000 25717997.903405
1.802000 26761043.497253
1.804000 27690989.134382
1.806000 28512910.950866
1.808000 29231781.596651
1.810000 29852467.148571
1.812000 30379724.409445
1.814000 30818198.575021
1.816000 31172421.250979
1.818000 31446808.802586
1.820000 31645661.020048
1.822000 31773160.083020
1.824000 31833369.808180
1.826000 31830235.164202
1.828000 31767582.038914
1.830000 31649117.243874
1.832000 31478428.742033
1.834000 31258986.084608
1.836000 30994141.043724
1.838000 30687128.427840
1.840000 30341067.067396
1.842000 29958960.958581
1.844000 29543700.553524
1.846000 29098064.185678
1.848000 28624719.619545
1.850000 28126225.714364
1.852000 27605034.191749
1.854000 27063491.497696
1.856000 26503840.749787
1.858000 25928223.760780
1.860000 25338683.130207
1.862000 24737164.395933
1.864000 24125518.238037
1.866000 23505502.727722
1.868000 22878785.614325
1.870000 22246946.643823
1.872000 21611479.902614
1.874000 20973796.180622
1.876000 20335225.348152
1.878000 19697018.741194
1.880000 19060351.550196
1.882000 18426325.207616
1.884000 17795969.769847
1.886000 17170246.289393
1.888000 16550049.173415
1.890000 15936208.525073
1.892000 15329492.464285
1.894000 14730609.424804
1.896000 14140210.424728
1.898000 13558891.307788
1.900000 12987194.952969
1.902000 12425613.450232
1.904000 11874590.240301
1.906000 11334522.216658
1.908000 10805761.788103
1.910000 10288618.900364
1.912000 9783363.015452
1.914000 9290225.047586
1.916000 8809399.254683
1.918000 8341045.084541
1.920000 7885288.974980
1.922000 7442226.107353
1.924000 7011922.112934
1.926000 6594414.731836
1.928000 6189715.424209
1.930000 5797810.933562
1.932000 5418664.802180
1.934000 5052218.838668
1.936000 4698394.537769
1.938000 4357094.452658
1.940000 4028203.520014
1.942000 3711590.338228
1.944000 3407108.399171
1.946000 3114597.274026
1.948000 2833883.753708
1.950000 2564782.944498
1.952000 2307099.319510
1.954000 2060627.726703
1.956000 1825154.354155
1.958000 1600457.653372
1.960000 1386309.221428
1.962000 1182474.642764
1.964000 988714.291505
1.966000 804784.095160
1.968000 630436.260612
1.970000 465419.963305
1.972000 309482.000555
1.974000 162367.409927
1.976000 23820.053614
1.978000 -106416.830210
1.980000 -228600.108123
1.982000 -342986.263310
1.984000 -449830.937561
1.986000 -549388.502481
1.988000 -641911.658937
1.990000 -727651.063788
1.992000 -806854.982972
1.994000 -879768.969984
1.996000 -946635.568845
1.998000 -1007694.040617
2.000000 -1063180.112582
2.002000 -1113325.749159
2.004000 -1158358.943713
2.006000 -1198503.530350
2.008000 -1233979.014877
2.010000 -1265000.424070
2.012000 -1291778.172434
2.014000 -1314517.945647
2.016000 -1333420.599911
2.018000 -1348682.076423
2.020000 -1360493.330231
2.022000 -1369040.272728
2.024000 -1374503.727076
2.026000 -1377059.395868
2.028000 -1376877.840335
2.030000 -1374124.470464
2.032000 -1368959.545360
2.034000 -1361538.183265
2.036000 -1352010.380601
2.038000 -1340521.039478
2.040000 -1327210.003105
2.042000 -1312212.098546
2.044000 -1295657.186308
2.046000 -1277670.216263
2.048000 -1258371.289401
2.050000 -1237875.724954
2.052000 -1216294.132450
2.054000 -1193732.488247
2.056000 -1170292.216149
2.058000 -1146070.271695
2.060000 -1121159.229753
2.062000 -1095647.375042
2.064000 -1069618.795245
2.066000 -1043153.476385
2.068000 -1016327.400135
2.070000 -989212.642773
2.072000 -961877.475501
2.074000 -934386.465846
2.076000 -906800.579895
2.078000 -879177.285119
2.080000 -851570.653564
2.082000 -824031.465182
2.084000 -796607.311106
2.086000 -769342.696687
2.088000 -742279.144096
2.090000 -715455.294337
2.092000 -688907.008516
2.094000 -662667.468216
2.096000 -636767.274840
2.098000 -611234.547813
2.100000 -586095.021508
2.102000 -561372.140805
2.104000 -537087.155183
2.106000 -513259.211255
2.108000 -489905.443665
2.110000 -467041.064279
2.112000 -444679.449607
2.114000 -422832.226390
2.116000 -401509.355314
2.118000 -380719.212794
2.120000 -360468.670804
2.122000 -340763.174714
2.124000 -321606.819104
2.126000 -303002.421545
2.128000 -284951.594322
2.130000 -267454.814101
2.132000 -250511.489512
2.134000 -234120.026670
2.136000 -218277.892621
2.138000 -202981.676725
2.140000 -188227.149984
2.142000 -174009.322322
2.144000 -160322.497846
2.146000 -147160.328097
2.148000 -134515.863305
2.150000 -122381.601695
2.152000 -110749.536844
2.154000 -99611.203131
2.156000 -88957.719315
2.158000 -78779.830251
2.160000 -69067.946807
2.162000 -59812.183985
2.164000 -51002.397312
2.166000 -42628.217514
2.168000 -34679.083524
2.170000 -27144.273858
2.172000 -20012.936402
2.174000 -13274.116645
2.176000 -6916.784402
2.178000 -929.859072
2.180000 4697.766543
2.182000 9977.203793
2.184000 14919.547089
2.186000 19535.854116
2.188000 23837.127301
2.190000 27834.296510
2.192000 31538.202922
2.194000 34959.584038
2.196000 38109.059796
2.198000 40997.119734
2.200000 43634.111185
2.202000 46030.228437
2.204000 48195.502841
2.206000 50139.793824
2.208000 51872.780755
2.210000 53403.955656
2.212000 54742.616687
2.214000 55897.862399
2.216000 56878.586704
2.218000 57693.474533
2.220000 58350.998146
2.222000 58859.414064
2.224000 59226.760596
2.226000 59460.855916
2.228000 59569.296672
2.230000 59559.457100
2.232000 59438.488601
2.234000 59213.319762
2.236000 58890.656802
2.238000 58476.984399
2.240000 57978.566885
2.242000 57401.449785
2.244000 56751.461673
2.246000 56034.216320
2.248000 55255.115118
2.250000 54419.349756
2.252000 53531.905126
2.254000 52597.562448
2.256000 51620.902577
2.258000 50606.309498
2.260000 49557.973975
2.262000 48479.897339
2.264000 47375.895407
2.266000 46249.602516
2.268000 45104.475642
2.270000 43943.798620
2.272000 42770.686418
2.274000 41588.089482
2.276000 40398.798122
2.278000 39205.446933
2.280000 38010.519248
2.282000 36816.351596
2.284000 35625.138176
2.286000 34438.935325
2.288000 33259.665970
2.290000 32089.124071
2.292000 30928.979031
2.294000 29780.780077
2.296000 28645.960600
2.298000 27525.842451
2.300000 26421.640193
2.302000 25334.465286
2.304000 24265.330223
2.306000 23215.152601
2.308000 22184.759117
2.310000 21174.889507
2.312000 20186.200394
2.314000 19219.269073
2.316000 18274.597214
2.318000 17352.614476
2.320000 16453.682049
2.322000 15578.096102
2.324000 14726.091150
2.326000 13897.843332
2.328000 13093.473602
2.330000 12313.050827
2.332000 11556.594802
2.334000 10824.079173
2.336000 10115.434264
2.338000 9430.549827
2.340000 8769.277690
2.342000 8131.434326
2.344000 7516.803328
2.346000 6925.137796
2.348000 6356.162640
2.350000 5809.576800
2.352000 5285.055370
2.354000 4782.251650
2.356000 4300.799110
2.358000 3840.313272
2.360000 3400.393516
2.362000 2980.624802
2.364000 2580.579321
2.366000 2199.818064
2.368000 1837.892325
2.370000 1494.345125
2.372000 1168.712568
2.374000 860.525130
2.376000 569.308878
2.378000 294.586624
2.380000 35.879017
2.382000 -207.294425
2.384000 -435.414349
2.386000 -648.960653
2.388000 -848.411633
2.390000 -1034.243181
2.392000 -1206.928037
2.394000 -1366.935094
2.396000 -1514.728747
2.398000 -1650.768300
2.400000 -1775.507402
2.402000 -1889.393544
2.404000 -1992.867592
2.406000 -2086.363351
2.408000 -2170.307186
2.410000 -2245.117667
2.412000 -2311.205255
2.414000 -2368.972019
2.416000 -2418.811390
2.418000 -2461.107944
2.420000 -2496.237213
2.422000 -2524.565527
2.424000 -2546.449881
2.426000 -2562.237832
2.428000 -2572.267408
2.430000 -2576.867058
2.432000 -2576.355608
2.434000 -2571.042244
2.436000 -2561.226515
2.438000 -2547.198349
2.440000 -2529.238093
2.442000 -2507.616565
2.444000 -2482.595116
2.446000 -2454.425715
2.448000 -2423.351042
2.450000 -2389.604590
2.452000 -2353.410784
2.454000 -2314.985105
2.456000 -2274.534227
2.458000 -2232.256159
2.460000 -2188.340395
2.462000 -2142.968075
2.464000 -2096.312147
2.466000 -2048.537538
2.468000 -1999.801326
2.470000 -1950.252921
2.472000 -1900.034246
2.474000 -1849.279922
2.476000 -1798.117459
2.478000 -1746.667439
2.480000 -1695.043715
2.482000 -1643.353598
2.484000 -1591.698053
2.486000 -1540.171891
2.488000 -1488.863964
2.490000 -1437.857353
2.492000 -1387.229568
2.494000 -1337.052731
2.496000 -1287.393770
2.498000 -1238.314605
2.500000 -1189.872334
2.502000 -1142.119417
2.504000 -1095.103859
2.506000 -1048.869385
2.508000 -1003.455619
2.510000 -958.898254
2.512000 -915.229228
2.514000 -872.476882
2.516000 -830.666131
2.518000 -789.818622
2.520000 -749.952888
2.522000 -711.084503
2.524000 -673.226231
2.526000 -636.388172
2.528000 -600.577903
2.530000 -565.800616
2.532000 -532.059252
2.534000 -499.354632
2.536000 -467.685582
2.538000 -437.049057
2.540000 -407.440259
2.542000 -378.852750
2.544000 -351.278566
2.546000 -324.708322
2.548000 -299.131316
2.550000 -274.535627
2.552000 -250.908215
2.554000 -228.235006
2.556000 -206.500989
2.558000 -185.690294
2.560000 -165.786276
2.562000 -146.771594
2.564000 -128.628284
2.566000 -111.337832
2.568000 -94.881239
2.570000 -79.239087
2.572000 -64.391605
2.574000 -50.318719
2.576000 -37.000116
2.578000 -24.415292
2.580000 -12.543602
2.582000 -1.364310
2.584000 9.143370
2.586000 19.000229
2.588000 28.227025
2.590000 36.844446
2.592000 44.873078
2.594000 52.333366
2.596000 59.245591
2.598000 65.629837
2.600000 71.505970
2.602000 76.893609
2.604000 81.812106
2.606000 86.280527
2.608000 90.317632
2.610000 93.941859
2.612000 97.171309
2.614000 100.023730
2.616000 102.516509
2.618000 104.666658
2.620000 106.490807
2.622000 108.005193
2.624000 109.225656
2.626000 110.167632
2.628000 110.846147
2.630000 111.275819
2.632000 111.470846
2.634000 111.445014
2.636000 111.211689
2.638000 110.783824
2.640000 110.173951
2.642000 109.394192
2.644000 108.456253
2.646000 107.371434
2.648000 106.150626
2.650000 104.804321
2.652000 103.342613
2.654000 101.775202
2.656000 100.111404
2.658000 98.360151
2.660000 96.530004
2.662000 94.629152
2.664000 92.665425
2.666000 90.646299
2.668000 88.578901
2.670000 86.470022
2.672000 84.326118
2.674000 82.153323
2.676000 79.957455
2.678000 77.744025
2.680000 75.518243
2.682000 73.285030
2.684000 71.049023
2.686000 68.814585
2.688000 66.585812
2.690000 64.366544
2.692000 62.160370
2.694000 59.970640
2.696000 57.800468
2.698000 55.652747
2.700000 53.530151
2.702000 51.435146
2.704000 49.369999
2.706000 47.336782
2.708000 45.337385
2.710000 43.373518
2.712000 41.446722
2.714000 39.558376
2.716000 37.709703
2.718000 35.901779
2.720000 34.135538
2.722000 32.411778
2.724000 30.731173
2.726000 29.094271
2.728000 27.501508
2.730000 25.953209
2.732000 24.449598
2.734000 22.990799
2.736000 21.576848
2.738000 20.207692
2.740000 18.883197
2.742000 17.603156
2.744000 16.367287
2.746000 15.175246
2.748000 14.026626
2.750000 12.920962
2.752000 11.857739
2.754000 10.836391
2.756000 9.856308
2.758000 8.916842
2.760000 8.017303
2.762000 7.156973
2.764000 6.335101
2.766000 5.550908
2.768000 4.803594
2.770000 4.092336
2.772000 3.416295
2.774000 2.774614
2.776000 2.166426
2.778000 1.590850
2.780000 1.047001
2.782000 0.533985
2.784000 0.050905
2.786000 -0.403139
2.788000 -0.829044
2.790000 -1.227711
2.792000 -1.600032
2.794000 -1.946899
2.796000 -2.269197
2.798000 -2.567801
2.800000 -2.843581
2.802000 -3.097396
2.804000 -3.330095
2.806000 -3.542514
2.808000 -3.735478
2.810000 -3.909798
2.812000 -4.066272
2.814000 -4.205681
2.816000 -4.328795
2.818000 -4.436364
2.820000 -4.529124
2.822000 -4.607795
2.824000 -4.673078
2.826000 -4.725658
2.828000 -4.766203
2.830000 -4.795363
2.832000 -4.813769
2.834000 -4.822035
2.836000 -4.820757
2.838000 -4.810513
2.840000 -4.791864
2.842000 -4.765351
2.844000 -4.731498
2.846000 -4.690810
2.848000 -4.643778
2.850000 -4.590871
2.852000 -4.532542
2.854000 -4.469230
2.856000 -4.401351
2.858000 -4.329311
2.860000 -4.253493
2.862000 -4.174269
2.864000 -4.091993
2.866000 -4.007002
2.868000 -3.919621
2.870000 -3.830156
2.872000 -3.738903
2.874000 -3.646138
2.876000 -3.552129
2.878000 -3.457125
2.880000 -3.361366
2.882000 -3.265077
2.884000 -3.168469
2.886000 -3.071744
2.888000 -2.975090
2.890000 -2.878685
2.892000 -2.782693
2.894000 -2.687270
2.896000 -2.592560
2.898000 -2.498700
2.900000 -2.405812
2.902000 -2.314013
2.904000 -2.223409
2.906000 -2.134099
2.908000 -2.046171
2.910000 -1.959708
2.912000 -1.874783
2.914000 -1.791462
2.916000 -1.709806
2.918000 -1.629867
2.920000 -1.551691
2.922000 -1.475319
2.924000 -1.400785
2.926000 -1.328119
2.928000 -1.257343
2.930000 -1.188477
2.932000 -1.121534
2.934000 -1.056525
2.936000 -0.993454
2.938000 -0.932324
2.940000 -0.873130
2.942000 -0.815869
2.944000 -0.760531
2.946000 -0.707103
2.948000 -0.655571
2.950000 -0.605916
2.952000 -0.558120
2.954000 -0.512159
2.956000 -0.468009
2.958000 -0.425643
2.960000 -0.385034
2.962000 -0.346152
2.964000 -0.308965
2.966000 -0.273441
2.968000 -0.239547
2.970000 -0.207247
2.972000 -0.176506
2.974000 -0.147288
2.976000 -0.119556
2.978000 -0.093272
2.980000 -0.068398
2.982000 -0.044896
2.984000 -0.022726
2.986000 -0.001851
2.988000 0.017768
2.990000 0.036171
2.992000 0.053396
2.994000 0.069483
2.996000 0.084469
2.998000 0.098392
3.000000 0.111292
3.002000 0.123205
3.004000 0.134168
3.006000 0.144219
3.008000 0.153393
3.010000 0.161726
3.012000 0.169253
3.014000 0.176008
3.016000 0.182026
3.018000 0.187340
3.020000 0.191982
3.022000 0.195984
3.024000 0.199376
3.026000 0.202191
3.028000 0.204456
3.030000 0.206201
3.032000 0.207454
3.034000 0.208242
3.036000 0.208593
3.038000 0.208530
3.040000 0.208081
3.042000 0.207268
3.044000 0.206115
3.046000 0.204646
3.048000 0.202881
3.050000 0.200842
3.052000 0.198549
3.054000 0.196022
3.056000 0.193279
3.058000 0.190340
3.060000 0.187221
3.062000 0.183938
3.064000 0.180509
3.066000 0.176948
3.068000 0.173269
3.070000 0.169488
3.072000 0.165616
3.074000 0.161667
3.076000 0.157654
3.078000 0.153586
3.080000 0.149476
3.082000 0.145333
3.084000 0.141168
3.086000 0.136988
3.088000 0.132804
3.090000 0.128623
3.092000 0.124453
3.094000 0.120301
3.096000 0.116174
3.098000 0.112078
3.100000 0.108018
3.102000 0.104001
3.104000 0.100031
3.106000 0.096112
3.108000 0.092250
3.110000 0.088447
3.112000 0.084708
3.114000 0.081036
3.116000 0.077433
3.118000 0.073902
3.120000 0.070445
3.122000 0.067065
3.124000 0.063762
3.126000 0.060540
3.128000 0.057398
3.130000 0.054338
3.132000 0.051360
3.134000 0.048466
3.136000 0.045655
3.138000 0.042928
3.140000 0.040285
3.142000 0.037726
3.144000 0.035250
3.146000 0.032858
3.148000 0.030548
3.150000 0.028321
3.152000 0.026174
3.154000 0.024108
3.156000 0.022121
3.158000 0.020213
3.160000 0.018381
3.162000 0.016626
3.164000 0.014945
3.166000 0.013338
3.168000 0.011802
3.170000 0.010337
3.172000 0.008941
3.174000 0.007613
3.176000 0.006350
3.178000 0.005152
3.180000 0.004016
3.182000 0.002941
3.184000 0.001925
3.186000 0.000967
3.188000 0.000065
3.190000 -0.000783
3.192000 -0.001578
3.194000 -0.002322
3.196000 -0.003017
3.198000 -0.003665
3.200000 -0.004266
3.202000 -0.004824
3.204000 -0.005338
3.206000 -0.005812
3.208000 -0.006246
3.210000 -0.006642
3.212000 -0.007002
3.214000 -0.007327
3.216000 -0.007618
3.218000 -0.007878
3.220000 -0.008108
3.222000 -0.008308
3.224000 -0.008481
3.226000 -0.008627
3.228000 -0.008748
3.230000 -0.008846
3.232000 -0.008921
3.234000 -0.008975
3.236000 -0.009009
3.238000 -0.009023
3.240000 -0.009020
3.242000 -0.009001
3.244000 -0.008965
3.246000 -0.008915
3.248000 -0.008851
3.250000 -0.008775
3.252000 -0.008686
3.254000 -0.008587
3.256000 -0.008477
3.258000 -0.008359
3.260000 -0.008231
3.262000 -0.008096
3.264000 -0.007954
3.266000 -0.007806
3.268000 -0.007652
3.270000 -0.007492
3.272000 -0.007329
3.274000 -0.007161
3.276000 -0.006990
3.278000 -0.006817
3.280000 -0.006641
3.282000 -0.006463
3.284000 -0.006284
3.286000 -0.006103
3.288000 -0.005923
3.290000 -0.005742
3.292000 -0.005561
3.294000 -0.005380
3.296000 -0.005201
3.298000 -0.005022
3.300000 -0.004845
3.302000 -0.004670
3.304000 -0.004496
3.306000 -0.004324
3.308000 -0.004155
3.310000 -0.003988
3.312000 -0.003823
3.314000 -0.003662
3.316000 -0.003503
3.318000 -0.003347
3.320000 -0.003194
3.322000 -0.003045
3.324000 -0.002899
3.326000 -0.002756
3.328000 -0.002616
3.330000 -0.002481
3.332000 -0.002348
3.334000 -0.002220
3.336000 -0.002094
3.338000 -0.001973
3.340000 -0.001855
3.342000 -0.001741
3.344000 -0.001630
3.346000 -0.001523
3.348000 -0.001420
3.350000 -0.001320
3.352000 -0.001223
3.354000 -0.001131
3.356000 -0.001041
3.358000 -0.000955
3.360000 -0.000873
3.362000 -0.000794
3.364000 -0.000718
3.366000 -0.000645
3.368000 -0.000576
3.370000 -0.000509
3.372000 -0.000446
3.374000 -0.000386
3.376000 -0.000328
3.378000 -0.000274
3.380000 -0.000222
3.382000 -0.000173
3.384000 -0.000126
3.386000 -0.000083
3.388000 -0.000041
3.390000 -0.000002
3.392000 0.000034
3.394000 0.000069
3.396000 0.000101
3.398000 0.000131
3.400000 0.000159
3.402000 0.000185
3.404000 0.000209
3.406000 0.000231
3.408000 0.000252
3.410000 0.000270
3.412000 0.000288
3.414000 0.000303
3.416000 0.000317
3.418000 0.000330
3.420000 0.000341
3.422000 0.000351
3.424000 0.000360
3.426000 0.000367
3.428000 0.000373
3.430000 0.000379
3.432000 0.000383
3.434000 0.000386
3.436000 0.000388
3.438000 0.000390
3.440000 0.000390
3.442000 0.000390
3.444000 0.000389
3.446000 0.000388
3.448000 0.000386
3.450000 0.000383
3.452000 0.000380
3.454000 0.000376
3.456000 0.000371
3.458000 0.000367
3.460000 0.000361
3.462000 0.000356
3.464000 0.000350
3.466000 0.000344
3.468000 0.000338
3.470000 0.000331
3.472000 0.000324
3.474000 0.000317
3.476000 0.000310
3.478000 0.000302
3.480000 0.000295
3.482000 0.000287
3.484000 0.000279
3.486000 0.000272
3.488000 0.000264
3.490000 0.000256
3.492000 0.000248
3.494000 0.000240
3.496000 0.000233
3.498000 0.000225
3.500000 0.000217
3.502000 0.000209
3.504000 0.000202
3.506000 0.000194
3.508000 0.000187
3.510000 0.000180
3.512000 0.000172
3.514000 0.000165
3.516000 0.000158
3.518000 0.000151
3.520000 0.000145
3.522000 0.000138
3.524000 0.000132
3.526000 0.000125
3.528000 0.000119
3.530000 0.000113
3.532000 0.000107
3.534000 0.000101
3.536000 0.000096
3.538000 0.000091
3.540000 0.000085
3.542000 0.000080
3.544000 0.000075
3.546000 0.000070
3.548000 0.000066
3.550000 0.000061
3.552000 0.000057
3.554000 0.000053
3.556000 0.000049
3.558000 0.000045
3.560000 0.000041
3.562000 0.000038
3.564000 0.000034
3.566000 0.000031
3.568000 0.000028
3.570000 0.000025
3.572000 0.000022
3.574000 0.000019
3.576000 0.000017
3.578000 0.000014
3.580000 0.000012
3.582000 0.000010
3.584000 0.000007
3.586000 0.000005
3.588000 0.000004
3.590000 0.000002
3.592000 0.000000
3.594000 -0.000002
3.596000 -0.000003
3.598000 -0.000004
3.600000 -0.000006
3.602000 -0.000007
3.604000 -0.000008
3.606000 -0.000009
3.608000 -0.000010
3.610000 -0.000011
3.612000 -0.000012
3.614000 -0.000012
3.616000 -0.000013
3.618000 -0.000014
3.620000 -0.000014
3.622000 -0.000015
3.624000 -0.000015
3.626000 -0.000016
3.628000 -0.000016
3.630000 -0.000016
3.632000 -0.000016
3.634000 -0.000017
3.636000 -0.000017
3.638000 -0.000017
3.640000 -0.000017
3.642000 -0.000017
3.644000 -0.000017
3.646000 -0.000017
3.648000 -0.000017
3.650000 -0.000017
3.652000 -0.000017
3.654000 -0.000016
3.656000 -0.000016
3.658000 -0.000016
3.660000 -0.000016
3.662000 -0.000016
3.664000 -0.000015
3.666000 -0.000015
3.668000 -0.000015
3.670000 -0.000015
3.672000 -0.000014
3.674000 -0.000014
3.676000 -0.000014
3.678000 -0.000013
3.680000 -0.000013
3.682000 -0.000013
3.684000 -0.000012
3.686000 -0.000012
3.688000 -0.000012
3.690000 -0.000011
3.692000 -0.000011
3.694000 -0.000011
3.696000 -0.000010
3.698000 -0.000010
3.700000 -0.000010
3.702000 -0.000009
3.704000 -0.000009
3.706000 -0.000009
3.708000 -0.000008
3.710000 -0.000008
3.712000 -0.000008
3.714000 -0.000007
3.716000 -0.000007
3.718000 -0.000007
3.720000 -0.000007
3.722000 -0.000006
3.724000 -0.000006
3.726000 -0.000006
3.728000 -0.000005
3.730000 -0.000005
3.732000 -0.000005
3.734000 -0.000005
3.736000 -0.000004
3.738000 -0.000004
3.740000 -0.000004
3.742000 -0.000004
3.744000 -0.000003
3.746000 -0.000003
3.748000 -0.000003
3.750000 -0.000003
3.752000 -0.000003
3.754000 -0.000002
3.756000 -0.000002
3.758000 -0.000002
3.760000 -0.000002
3.762000 -0.000002
3.764000 -0.000002
3.766000 -0.000001
3.768000 -0.000001
3.770000 -0.000001
3.772000 -0.000001
3.774000 -0.000001
3.776000 -0.000001
3.778000 -0.000001
3.780000 -0.000001
3.782000 -0.000001
3.784000 -0.000000
3.786000 -0.000000
3.788000 -0.000000
3.790000 -0.000000
3.792000 -0.000000
3.794000 -0.000000
3.796000 0.000000
3.798000 0.000000
3.800000 0.000000
3.802000 0.000000
3.804000 0.000000
3.806000 0.000000
3.808000 0.000000
3.810000 0.000000
3.812000 0.000000
3.814000 0.000001
3.816000 0.000001
3.818000 0.000001
3.820000 0.000001
3.822000 0.000001
3.824000 0.000001
3.826000 0.000001
3.828000 0.000001
3.830000 0.000001
3.832000 0.000001
3.834000 0.000001
3.836000 0.000001
3.838000 0.000001
3.840000 0.000001
3.842000 0.000001
3.844000 0.000001
3.846000 0.000001
3.848000 0.000001
3.850000 0.000001
3.852000 0.000001
3.854000 0.000001
3.856000 0.000001
3.858000 0.000001
3.860000 0.000001
3.862000 0.000001
3.864000 0.000001
3.866000 0.000001
3.868000 0.000001
3.870000 0.000001
3.872000 0.000001
3.874000 0.000001
3.876000 0.000001
3.878000 0.000001
3.880000 0.000001
3.882000 0.000001
3.884000 0.000001
3.886000 0.000001
3.888000 0.000001
3.890000 0.000001
3.892000 0.000000
3.894000 0.000000
3.896000 0.000000
3.898000 0.000000
3.900000 0.000000
3.902000 0.000000
3.904000 0.000000
3.906000 0.000000
3.908000 0.000000
3.910000 0.000000
3.912000 0.000000
3.914000 0.000000
3.916000 0.000000
3.918000 0.000000
3.920000 0.000000
3.922000 0.000000
3.924000 0.000000
3.926000 0.000000
3.928000 0.000000
3.930000 0.000000
3.932000 0.000000
3.934000 0.000000
3.936000 0.000000
3.938000 0.000000
3.940000 0.000000
3.942000 0.000000
3.944000 0.000000
3.946000 0.000000
3.948000 0.000000
3.950000 0.000000
3.952000 0.000000
3.954000 0.000000
3.956000 0.000000
3.958000 0.000000
3.960000 0.000000
3.962000 0.000000
3.964000 0.000000
3.966000 0.000000
3.968000 0.000000
3.970000 0.000000
3.972000 0.000000
3.974000 0.000000
3.976000 0.000000
3.978000 0.000000
3.980000 0.000000
3.982000 0.000000
3.984000 0.000000
3.986000 0.000000
3.988000 0.000000
3.990000 0.000000
3.992000 0.000000
3.994000 0.000000
3.996000 0.000000
3.998000 -0.000000
4.000000 -0.000000
4.002000 -0.000000
4.004000 -0.000000
4.006000 -0.000000
4.008000 -0.000000
4.010000 -0.000000
4.012000 -0.000000
4.014000 -0.000000
4.016000 -0.000000
4.018000 -0.000000
4.020000 -0.000000
4.022000 -0.000000
4.024000 -0.000000
4.026000 -0.000000
4.028000 -0.000000
4.030000 -0.000000
4.032000 -0.000000
4.034000 -0.000000
4.036000 -0.000000
4.038000 -0.000000
4.040000 -0.000000
4.042000 -0.000000
4.044000 -0.000000
4.046000 -0.000000
4.048000 -0.000000
4.050000 -0.000000
4.052000 -0.000000
4.054000 -0.000000
4.056000 -0.000000
4.058000 -0.000000
4.060000 -0.000000
4.062000 -0.000000
4.064000 -0.000000
4.066000 -0.000000
4.068000 -0.000000
4.070000 -0.000000
4.072000 -0.000000
4.074000 -0.000000
4.076000 -0.000000
4.078000 -0.000000
4.080000 -0.000000
4.082000 -0.000000
4.084000 -0.000000
4.086000 -0.000000
4.088000 -0.000000
4.090000 -0.000000
4.092000 -0.000000
4.094000 -0.000000
4.096000 -0.000000
4.098000 -0.000000
4.100000 -0.000000
4.102000 -0.000000
4.104000 -0.000000
4.106000 -0.000000
4.108000 -0.000000
4.110000 -0.000000
4.112000 -0.000000
4.114000 -0.000000
4.116000 -0.000000
4.118000 -0.000000
4.120000 -0.000000
4.122000 -0.000000
4.124000 -0.000000
4.126000 -0.000000
4.128000 -0.000000
4.130000 -0.000000
4.132000 -0.000000
4.134000 -0.000000
4.136000 -0.000000
4.138000 -0.000000
4.140000 -0.000000
4.142000 -0.000000
4.144000 -0.000000
4.146000 -0.000000
4.148000 -0.000000
4.150000 -0.000000
4.152000 -0.000000
4.154000 -0.000000
4.156000 -0.000000
4.158000 -0.000000
4.160000 -0.000000
4.162000 -0.000000
4.164000 -0.000000
4.166000 -0.000000
4.168000 -0.000000
4.170000 -0.000000
4.172000 -0.000000
4.174000 -0.000000
4.176000 -0.000000
4.178000 -0.000000
4.180000 -0.000000
4.182000 -0.000000
4.184000 -0.000000
4.186000 -0.000000
4.188000 -0.000000
4.190000 -0.000000
4.192000 -0.000000
4.194000 -0.000000
4.196000 -0.000000
4.198000 0.000000
4.200000 0.000000
4.202000 0.000000
4.204000 0.000000
4.206000 0.000000
4.208000 0.000000
4.210000 0.000000
4.212000 0.000000
4.214000 0.000000
4.216000 0.000000
4.218000 0.000000
4.220000 0.000000
4.222000 0.000000
4.224000 0.000000
4.226000 0.000000
4.228000 0.000000
4.230000 0.000000
4.232000 0.000000
4.234000 0.000000
4.236000 0.000000
4.238000 0.000000
4.240000 0.000000
4.242000 0.000000
4.244000 0.000000
4.246000 0.000000
4.248000 0.000000
4.250000 0.000000
4.252000 0.000000
4.254000 0.000000
4.256000 0.000000
4.258000 0.000000
4.260000 0.000000
4.262000 0.000000
4.264000 0.000000
4.266000 0.000000
4.268000 0.000000
4.270000 0.000000
4.272000 0.000000
4.274000 0.000000
4.276000 0.000000
4.278000 0.000000
4.280000 0.000000
4.282000 0.000000
4.284000 0.000000
4.286000 0.000000
4.288000 0.000000
4.290000 0.000000
4.292000 0.000000
4.294000 0.000000
4.296000 0.000000
4.298000 0.000000
4.300000 0.000000
4.302000 0.000000
4.304000 0.000000
4.306000 0.000000
4.308000 0.000000
4.310000 0.000000
4.312000 0.000000
4.314000 0.000000
4.316000 0.000000
4.318000 0.000000
4.320000 0.000000
4.322000 0.000000
4.324000 0.000000
4.326000 0.000000
4.328000 0.000000
4.330000 0.000000
4.332000 0.000000
4.334000 0.000000
4.336000 0.000000
4.338000 0.000000
4.340000 0.000000
4.342000 0.000000
4.344000 0.000000
4.346000 0.000000
4.348000 0.000000
4.350000 0.000000
4.352000 0.000000
4.354000 0.000000
4.356000 0.000000
4.358000 0.000000
4.360000 0.000000
4.362000 0.000000
4.364000 0.000000
4.366000 0.000000
4.368000 0.000000
4.370000 0.000000
4.372000 0.000000
4.374000 0.000000
4.376000 0.000000
4.378000 0.000000
4.380000 0.000000
4.382000 0.000000
4.384000 0.000000
4.386000 0.000000
4.388000 0.000000
4.390000 0.000000
4.392000 0.000000
4.394000 0.000000
4.396000 0.000000
4.398000 0.000000
4.400000 -0.000000
4.402000 -0.000000
4.404000 -0.000000
4.406000 -0.000000
4.408000 -0.000000
4.410000 -0.000000
4.412000 -0.000000
4.414000 -0.000000
4.416000 -0.000000
4.418000 -0.000000
4.420000 -0.000000
4.422000 -0.000000
4.424000 -0.000000
4.426000 -0.000000
4.428000 -0.000000
4.430000 -0.000000
4.432000 -0.000000
4.434000 -0.000000
4.436000 -0.000000
4.438000 -0.000000
4.440000 -0.000000
4.442000 -0.000000
4.444000 -0.000000
4.446000 -0.000000
4.448000 -0.000000
4.450000 -0.000000
4.452000 -0.000000
4.454000 -0.000000
4.456000 -0.000000
4.458000 -0.000000
4.460000 -0.000000
4.462000 -0.000000
4.464000 -0.000000
4.466000 -0.000000
4.468000 -0.000000
4.470000 -0.000000
4.472000 -0.000000
4.474000 -0.000000
4.476000 -0.000000
4.478000 -0.000000
4.480000 -0.000000
4.482000 -0.000000
4.484000 -0.000000
4.486000 -0.000000
4.488000 -0.000000
4.490000 -0.000000
4.492000 -0.000000
4.494000 -0.000000
4.496000 -0.000000
4.498000 -0.000000
4.500000 -0.000000
4.502000 -0.000000
4.504000 -0.000000
4.506000 -0.000000
4.508000 -0.000000
4.510000 -0.000000
4.512000 -0.000000
4.514000 -0.000000
4.516000 -0.000000
4.518000 -0.000000
4.520000 -0.000000
4.522000 -0.000000
4.524000 -0.000000
4.526000 -0.000000
4.528000 -0.000000
4.530000 -0.000000
4.532000 -0.000000
4.534000 -0.000000
4.536000 -0.000000
4.538000 -0.000000
4.540000 -0.000000
4.542000 -0.000000
4.544000 -0.000000
4.546000 -0.000000
4.548000 -0.000000
4.550000 -0.000000
4.552000 -0.000000
4.554000 -0.000000
4.556000 -0.000000
4.558000 -0.000000
4.560000 -0.000000
4.562000 -0.000000
4.564000 -0.000000
4.566000 -0.000000
4.568000 -0.000000
4.570000 -0.000000
4.572000 -0.000000
4.574000 -0.000000
4.576000 -0.000000
4.578000 -0.000000
4.580000 -0.000000
4.582000 -0.000000
4.584000 -0.000000
4.586000 -0.000000
4.588000 -0.000000
4.590000 -0.000000
4.592000 -0.000000
4.594000 -0.000000
4.596000 -0.000000
4.598000 -0.000000
4.600000 -0.000000
4.602000 0.000000
4.604000 0.000000
4.606000 0.000000
4.608000 0.000000
4.610000 0.000000
4.612000 0.000000
4.614000 0.000000
4.616000 0.000000
4.618000 0.000000
4.620000 0.000000
4.622000 0.000000
4.624000 0.000000
4.626000 0.000000
4.628000 0.000000
4.630000 0.000000
4.632000 0.000000
4.634000 0.000000
4.636000 0.000000
4.638000 0.000000
4.640000 0.000000
4.642000 0.000000
4.644000 0.000000
4.646000 0.000000
4.648000 0.000000
4.650000 0.000000
4.652000 0.000000
4.654000 0.000000
4.656000 0.000000
4.658000 0.000000
4.660000 0.000000
4.662000 0.000000
4.664000 0.000000
4.666000 0.000000
4.668000 0.000000
4.670000 0.000000
4.672000 0.000000
4.674000 0.000000
4.676000 0.000000
4.678000 0.000000
4.680000 0.000000
4.682000 0.000000
4.684000 0.000000
4.686000 0.000000
4.688000 0.000000
4.690000 0.000000
4.692000 0.000000
4.694000 0.000000
4.696000 0.000000
4.698000 0.000000
4.700000 0.000000
4.702000 0.000000
4.704000 0.000000
4.706000 0.000000
4.708000 0.000000
4.710000 0.000000
4.712000 0.000000
4.714000 0.000000
4.716000 0.000000
4.718000 0.000000
4.720000 0.000000
4.722000 0.000000
4.724000 0.000000
4.726000 0.000000
4.728000 0.000000
4.730000 0.000000
4.732000 0.000000
4.734000 0.000000
4.736000 0.000000
4.738000 0.000000
4.740000 0.000000
4.742000 0.000000
4.744000 0.000000
4.746000 0.000000
4.748000 0.000000
4.750000 0.000000
4.752000 0.000000
4.754000 0.000000
4.756000 0.000000
4.758000 0.000000
4.760000 0.000000
4.762000 0.000000
4.764000 0.000000
4.766000 0.000000
4.768000 0.000000
4.770000 0.000000
4.772000 0.000000
4.774000 0.000000
4.776000 0.000000
4.778000 0.000000
4.780000 0.000000
4.782000 0.000000
4.784000 0.000000
4.786000 0.000000
4.788000 0.000000
4.790000 0.000000
4.792000 0.000000
4.794000 0.000000
4.796000 0.000000
4.798000 0.000000
4.800000 0.000000
4.802000 0.000000
4.804000 -0.000000
4.806000 -0.000000
4.808000 -0.000000
4.810000 -0.000000
4.812000 -0.000000
4.814000 -0.000000
4.816000 -0.000000
4.818000 -0.000000
4.820000 -0.000000
4.822000 -0.000000
4.824000 -0.000000
4.826000 -0.000000
4.828000 -0.000000
4.830000 -0.000000
4.832000 -0.000000
4.834000 -0.000000
4.836000 -0.000000
4.838000 -0.000000
4.840000 -0.000000
4.842000 -0.000000
4.844000 -0.000000
4.846000 -0.000000
4.848000 -0.000000
4.850000 -0.000000
4.852000 -0.000000
4.854000 -0.000000
4.856000 -0.000000
4.858000 -0.000000
4.860000 -0.000000
4.862000 -0.000000
4.864000 -0.000000
4.866000 -0.000000
4.868000 -0.000000
4.870000 -0.000000
4.872000 -0.000000
4.874000 -0.000000
4.876000 -0.000000
4.878000 -0.000000
4.880000 -0.000000
4.882000 -0.000000
4.884000 -0.000000
4.886000 -0.000000
4.888000 -0.000000
4.890000 -0.000000
4.892000 -0.000000
4.894000 -0.000000
4.896000 -0.000000
4.898000 -0.000000
4.900000 -0.000000
4.902000 -0.000000
4.904000 -0.000000
4.906000 -0.000000
4.908000 -0.000000
4.910000 -0.000000
4.912000 -0.000000
4.914000 -0.000000
4.916000 -0.000000
4.918000 -0.000000
4.920000 -0.000000
4.922000 -0.000000
4.924000 -0.000000
4.926000 -0.000000
4.928000 -0.000000
4.930000 -0.000000
4.932000 -0.000000
4.934000 -0.000000
4.936000 -0.000000
4.938000 -0.000000
4.940000 -0.000000
4.942000 -0.000000
4.944000 -0.000000
4.946000 -0.000000
4.948000 -0.000000
4.950000 -0.000000
4.952000 -0.000000
4.954000 -0.000000
4.956000 -0.000000
4.958000 -0.000000
4.960000 -0.000000
4.962000 -0.000000
4.964000 -0.000000
4.966000 -0.000000
4.968000 -0.000000
4.970000 -0.000000
4.972000 -0.000000
4.974000 -0.000000
4.976000 -0.000000
4.978000 -0.000000
4.980000 -0.000000
4.982000 -0.000000
4.984000 -0.000000
4.986000 -0.000000
4.988000 -0.000000
4.990000 -0.000000
4.992000 -0.000000
4.994000 -0.000000
4.996000 -0.000000
4.998000 -0.000000
5.000000 -0.000000
5.002000 -0.000000
5.004000 -0.000000
5.006000 0.000000
5.008000 0.000000
5.010000 0.000000
5.012000 0.000000
5.014000 0.000000
5.016000 0.000000
5.018000 0.000000
5.020000 0.000000
5.022000 0.000000
5.024000 0.000000
5.026000 0.000000
5.028000 0.000000
5.030000 0.000000
5.032000 0.000000
5.034000 0.000000
5.036000 0.000000
5.038000 0.000000
5.040000 0.000000
5.042000 0.000000
5.044000 0.000000
5.046000 0.000000
5.048000 0.000000
5.050000 0.000000
5.052000 0.000000
5.054000 0.000000
5.056000 0.000000
5.058000 0.000000
5.060000 0.000000
5.062000 0.000000
5.064000 0.000000
5.066000 0.000000
5.068000 0.000000
5.070000 0.000000
5.072000 0.000000
5.074000 0.000000
5.076000 0.000000
5.078000 0.000000
5.080000 0.000000
5.082000 0.000000
5.084000 0.000000
5.086000 0.000000
5.088000 0.000000
5.090000 0.000000
5.092000 0.000000
5.094000 0.000000
5.096000 0.000000
5.098000 0.000000
5.100000 0.000000
5.102000 0.000000
5.104000 0.000000
5.106000 0.000000
5.108000 0.000000
5.110000 0.000000
5.112000 0.000000
5.114000 0.000000
5.116000 0.000000
5.118000 0.000000
5.120000 0.000000
5.122000 0.000000
5.124000 0.000000
5.126000 0.000000
5.128000 0.000000
5.130000 0.000000
5.132000 0.000000
5.134000 0.000000
5.136000 0.000000
5.138000 0.000000
5.140000 0.000000
5.142000 0.000000
5.144000 0.000000
5.146000 0.000000
5.148000 0.000000
5.150000 0.000000
5.152000 0.000000
5.154000 0.000000
5.156000 0.000000
5.158000 0.000000
5.160000 0.000000
5.162000 0.000000
5.164000 0.000000
5.166000 0.000000
5.168000 0.000000
5.170000 0.000000
5.172000 0.000000
5.174000 0.000000
5.176000 0.000000
5.178000 0.000000
5.180000 0.000000
5.182000 0.000000
5.184000 0.000000
5.186000 0.000000
5.188000 0.000000
5.190000 0.000000
5.192000 0.000000
5.194000 0.000000
5.196000 0.000000
5.198000 0.000000
5.200000 0.000000
5.202000 0.000000
5.204000 0.000000
5.206000 0.000000
5.208000 -0.000000
5.210000 -0.000000
5.212000 -0.000000
5.214000 -0.000000
5.216000 -0.000000
5.218000 -0.000000
5.220000 -0.000000
5.222000 -0.000000
5.224000 -0.000000
5.226000 -0.000000
5.228000 -0.000000
5.230000 -0.000000
5.232000 -0.000000
5.234000 -0.000000
5.236000 -0.000000
5.238000 -0.000000
5.240000 -0.000000
5.242000 -0.000000
5.244000 -0.000000
5.246000 -0.000000
5.248000 -0.000000
5.250000 -0.000000
5.252000 -0.000000
5.254000 -0.000000
5.256000 -0.000000
5.258000 -0.000000
5.260000 -0.000000
5.262000 -0.000000
5.264000 -0.000000
5.266000 -0.000000
5.268000 -0.000000
5.270000 -0.000000
5.272000 -0.000000
5.274000 -0.000000
5.276000 -0.000000
5.278000 -0.000000
5.280000 -0.000000
5.282000 -0.000000
5.284000 -0.000000
5.286000 -0.000000
5.288000 -0.000000
5.290000 -0.000000
5.292000 -0.000000
5.294000 -0.000000
5.296000 -0.000000
5.298000 -0.000000
5.300000 -0.000000
5.302000 -0.000000
5.304000 -0.000000
5.306000 -0.000000
5.308000 -0.000000
5.310000 -0.000000
5.312000 -0.000000
5.314000 -0.000000
5.316000 -0.000000
5.318000 -0.000000
5.320000 -0.000000
5.322000 -0.000000
5.324000 -0.000000
5.326000 -0.000000
5.328000 -0.000000
5.330000 -0.000000
5.332000 -0.000000
5.334000 -0.000000
5.336000 -0.000000
5.338000 -0.000000
5.340000 -0.000000
5.342000 -0.000000
5.344000 -0.000000
5.346000 -0.000000
5.348000 -0.000000
5.350000 -0.000000
5.352000 -0.000000
5.354000 -0.000000
5.356000 -0.000000
5.358000 -0.000000
5.360000 -0.000000
5.362000 -0.000000
5.364000 -0.000000
5.366000 -0.000000
5.368000 -0.000000
5.370000 -0.000000
5.372000 -0.000000
5.374000 -0.000000
5.376000 -0.000000
5.378000 -0.000000
5.380000 -0.000000
5.382000 -0.000000
5.384000 -0.000000
5.386000 -0.000000
5.388000 -0.000000
5.390000 -0.000000
5.392000 -0.000000
5.394000 -0.000000
5.396000 -0.000000
5.398000 -0.000000
5.400000 -0.000000
5.402000 -0.000000
5.404000 -0.000000
5.406000 -0.000000
5.408000 -0.000000
5.410000 0.000000
5.412000 0.000000
5.414000 0.000000
5.416000 0.000000
5.418000 0.000000
5.420000 0.000000
5.422000 0.000000
5.424000 0.000000
5.426000 0.000000
5.428000 0.000000
5.430000 0.000000
5.432000 0.000000
5.434000 0.000000
5.436000 0.000000
5.438000 0.000000
5.440000 0.000000
5.442000 0.000000
5.444000 0.000000
5.446000 0.000000
5.448000 0.000000
5.450000 0.000000
5.452000 0.000000
5.454000 0.000000
5.456000 0.000000
5.458000 0.000000
5.460000 0.000000
5.462000 0.000000
5.464000 0.000000
5.466000 0.000000
5.468000 0.000000
5.470000 0.000000
5.472000 0.000000
5.474000 0.000000
5.476000 0.000000
5.478000 0.000000
5.480000 0.000000
5.482000 0.000000
5.484000 0.000000
5.486000 0.000000
5.488000 0.000000
5.490000 0.000000
5.492000 0.000000
5.494000 0.000000
5.496000 0.000000
5.498000 0.000000
5.500000 0.000000
5.502000 0.000000
5.504000 0.000000
5.506000 0.000000
5.508000 0.000000
5.510000 0.000000
5.512000 0.000000
5.514000 0.000000
5.516000 0.000000
5.518000 0.000000
5.520000 0.000000
5.522000 0.000000
5.524000 0.000000
5.526000 0.000000
5.528000 0.000000
5.530000 0.000000
5.532000 0.000000
5.534000 0.000000
5.536000 0.000000
5.538000 0.000000
5.540000 0.000000
5.542000 0.000000
5.544000 0.000000
5.546000 0.000000
5.548000 0.000000
5.550000 0.000000
5.552000 0.000000
5.554000 0.000000
5.556000 0.000000
5.558000 0.000000
5.560000 0.000000
5.562000 0.000000
5.564000 0.000000
5.566000 0.000000
5.568000 0.000000
5.570000 0.000000
5.572000 0.000000
5.574000 0.000000
5.576000 0.000000
5.578000 0.000000
5.580000 0.000000
5.582000 0.000000
5.584000 0.000000
5.586000 0.000000
5.588000 0.000000
5.590000 0.000000
5.592000 0.000000
5.594000 0.000000
5.596000 0.000000
5.598000 0.000000
5.600000 0.000000
5.602000 0.000000
5.604000 0.000000
5.606000 0.000000
5.608000 0.000000
5.610000 0.000000
5.612000 -0.000000
5.614000 -0.000000
5.616000 -0.000000
5.618000 -0.000000
5.620000 -0.000000
5.622000 -0.000000
5.624000 -0.000000
5.626000 -0.000000
5.628000 -0.000000
5.630000 -0.000000
5.632000 -0.000000
5.634000 -0.000000
5.636000 -0.000000
5.638000 -0.000000
5.640000 -0.000000
5.642000 -0.000000
5.644000 -0.000000
5.646000 -0.000000
5.648000 -0.000000
5.650000 -0.000000
5.652000 -0.000000
5.654000 -0.000000
5.656000 -0.000000
5.658000 -0.000000
5.660000 -0.000000
5.662000 -0.000000
5.664000 -0.000000
5.666000 -0.000000
5.668000 -0.000000
5.670000 -0.000000
5.672000 -0.000000
5.674000 -0.000000
5.676000 -0.000000
5.678000 -0.000000
5.680000 -0.000000
5.682000 -0.000000
5.684000 -0.000000
5.686000 -0.000000
5.688000 -0.000000
5.690000 -0.000000
5.692000 -0.000000
5.694000 -0.000000
5.696000 -0.000000
5.698000 -0.000000
5.700000 -0.000000
5.702000 -0.000000
5.704000 -0.000000
5.706000 -0.000000
5.708000 -0.000000
5.710000 -0.000000
5.712000 -0.000000
5.714000 -0.000000
5.716000 -0.000000
5.718000 -0.000000
5.720000 -0.000000
5.722000 -0.000000
5.724000 -0.000000
5.726000 -0.000000
5.728000 -0.000000
5.730000 -0.000000
5.732000 -0.000000
5.734000 -0.000000
5.736000 -0.000000
5.738000 -0.000000
5.740000 -0.000000
5.742000 -0.000000
5.744000 -0.000000
5.746000 -0.000000
5.748000 -0.000000
5.750000 -0.000000
5.752000 -0.000000
5.754000 -0.000000
5.756000 -0.000000
5.758000 -0.000000
5.760000 -0.000000
5.762000 -0.000000
5.764000 -0.000000
5.766000 -0.000000
5.768000 -0.000000
5.770000 -0.000000
5.772000 -0.000000
5.774000 -0.000000
5.776000 -0.000000
5.778000 -0.000000
5.780000 -0.000000
5.782000 -0.000000
5.784000 -0.000000
5.786000 -0.000000
5.788000 -0.000000
5.790000 -0.000000
5.792000 -0.000000
5.794000 -0.000000
5.796000 -0.000000
5.798000 -0.000000
5.800000 -0.000000
5.802000 -0.000000
5.804000 -0.000000
5.806000 -0.000000
5.808000 -0.000000
5.810000 -0.000000
5.812000 -0.000000
5.814000 0.000000
5.816000 0.000000
5.818000 0.000000
5.820000 0.000000
5.822001 0.000000
5.824000 0.000000
5.826000 0.000000
5.828000 0.000000
5.830000 0.000000
5.832000 0.000000
5.834000 0.000000
5.836000 0.000000
5.838000 0.000000
5.840000 0.000000
5.842000 0.000000
5.844000 0.000000
5.846000 0.000000
5.848000 0.000000
5.850000 0.000000
5.852000 0.000000
5.854000 0.000000
5.856000 0.000000
5.858000 0.000000
5.860000 0.000000
5.862000 0.000000
5.864000 0.000000
5.866000 0.000000
5.868001 0.000000
5.870000 0.000000
5.872000 0.000000
5.874000 0.000000
5.876000 0.000000
5.878000 0.000000
5.880000 0.000000
5.882000 0.000000
5.884000 0.000000
5.886000 0.000000
5.888000 0.000000
5.890000 0.000000
5.892000 0.000000
5.894000 0.000000
5.896000 0.000000
5.898000 0.000000
5.900000 0.000000
5.902000 0.000000
5.904000 0.000000
5.906000 0.000000
5.908000 0.000000
5.910000 0.000000
5.912000 0.000000
5.914001 0.000000
5.916000 0.000000
5.918000 0.000000
5.920000 0.000000
5.922000 0.000000
5.924000 0.000000
5.926000 0.000000
5.928000 0.000000
5.930000 0.000000
5.932000 0.000000
5.934000 0.000000
5.936000 0.000000
5.938000 0.000000
5.940000 0.000000
5.942000 0.000000
5.944000 0.000000
5.946000 0.000000
5.948000 0.000000
5.950000 0.000000
5.952000 0.000000
5.954000 0.000000
5.956000 0.000000
5.958000 0.000000
5.960001 0.000000
5.962000 0.000000
5.964000 0.000000
5.966000 0.000000
5.968000 0.000000
5.970000 0.000000
5.972000 0.000000
5.974000 0.000000
5.976000 0.000000
5.978000 0.000000
5.980000 0.000000
5.982000 0.000000
5.984000 0.000000
5.986000 0.000000
5.988000 0.000000
5.990000 0.000000
5.992000 0.000000
5.994000 0.000000
5.996000 0.000000
5.998000 0.000000
6.000000 0.000000
6.002000 0.000000
6.004000 0.000000
6.006001 0.000000
6.008000 0.000000
6.010000 0.000000
6.012000 0.000000
6.014000 0.000000
6.016000 -0.000000
6.018000 -0.000000
6.020000 -0.000000
6.022000 -0.000000
6.024000 -0.000000
6.026000 -0.000000
6.028000 -0.000000
6.030000 -0.000000
6.032000 -0.000000
6.034000 -0.000000
6.036000 -0.000000
6.038000 -0.000000
6.040000 -0.000000
6.042000 -0.000000
6.044000 -0.000000
6.046000 -0.000000
6.048000 -0.000000
6.050000 -0.000000
6.052001 -0.000000
6.054000 -0.000000
6.056000 -0.000000
6.058000 -0.000000
6.060000 -0.000000
6.062000 -0.000000
6.064000 -0.000000
6.066000 -0.000000
6.068000 -0.000000
6.070000 -0.000000
6.072001 -0.000000
6.074000 -0.000000
6.076000 -0.000000
6.078000 -0.000000
6.080000 -0.000000
6.082000 -0.000000
6.084000 -0.000000
6.086000 -0.000000
6.088000 -0.000000
6.090000 -0.000000
6.092000 -0.000000
6.094000 -0.000000
6.096000 -0.000000
6.098001 -0.000000
6.100000 -0.000000
6.102000 -0.000000
6.104000 -0.000000
6.106000 -0.000000
6.108000 -0.000000
6.110000 -0.000000
6.112000 -0.000000
6.114000 -0.000000
6.116000 -0.000000
6.118001 -0.000000
6.120000 -0.000000
6.122000 -0.000000
6.124000 -0.000000
6.126000 -0.000000
6.128000 -0.000000
6.130000 -0.000000
6.132000 -0.000000
6.134000 -0.000000
6.136000 -0.000000
6.138000 -0.000000
6.140000 -0.000000
6.142000 -0.000000
6.144000 -0.000000
6.146000 -0.000000
6.148000 -0.000000
6.150000 -0.000000
6.152000 -0.000000
6.154000 -0.000000
6.156000 -0.000000
6.158000 -0.000000
6.160000 -0.000000
6.162000 -0.000000
6.164001 -0.000000
6.166000 -0.000000
6.168000 -0.000000
6.170000 -0.000000
6.172000 -0.000000
6.174000 -0.000000
6.176000 -0.000000
6.178000 -0.000000
6.180000 -0.000000
6.182000 -0.000000
6.184000 -0.000000
6.186000 -0.000000
6.188000 -0.000000
6.190000 -0.000000
6.192000 -0.000000
6.194000 -0.000000
6.196000 -0.000000
6.198000 -0.000000
6.200000 -0.000000
6.202000 -0.000000
6.204000 -0.000000
6.206000 -0.000000
6.208000 -0.000000
6.210001 -0.000000
6.212000 -0.000000
6.214000 -0.000000
6.216000 -0.000000
6.218000 0.000000
6.220000 0.000000
6.222000 0.000000
6.224000 0.000000
6.226000 0.000000
6.228000 0.000000
6.230000 0.000000
6.232000 0.000000
6.234000 0.000000
6.236000 0.000000
6.238000 0.000000
6.240000 0.000000
6.242000 0.000000
6.244000 0.000000
6.246000 0.000000
6.248000 0.000000
6.250000 0.000000
6.252000 0.000000
6.254000 0.000000
6.256001 0.000000
6.258000 0.000000
6.260000 0.000000
6.262000 0.000000
6.264000 0.000000
6.266000 0.000000
6.268000 0.000000
6.270000 0.000000
6.272000 0.000000
6.274000 0.000000
6.276000 0.000000
6.278000 0.000000
6.280000 0.000000
6.282000 0.000000
6.284000 0.000000
6.286000 0.000000
6.288000 0.000000
6.290000 0.000000
6.292000 0.000000
6.294000 0.000000
6.296000 0.000000
6.298000 0.000000
6.300000 0.000000
6.302001 0.000000
6.304000 0.000000
6.306000 0.000000
6.308000 0.000000
6.310000 0.000000
6.312000 0.000000
6.314000 0.000000
6.316000 0.000000
6.318000 0.000000
6.320000 0.000000
6.322001 0.000000
6.324000 0.000000
6.326000 0.000000
6.328000 0.000000
6.330000 0.000000
6.332000 0.000000
6.334000 0.000000
6.336000 0.000000
6.338000 0.000000
6.340000 0.000000
6.342000 0.000000
6.344000 0.000000
6.346000 0.000000
6.348001 0.000000
6.350000 0.000000
6.352000 0.000000
6.354000 0.000000
6.356000 0.000000
6.358000 0.000000
6.360000 0.000000
6.362000 0.000000
6.364000 0.000000
6.366000 0.000000
6.368001 0.000000
6.370000 0.000000
6.372000 0.000000
6.374000 0.000000
6.376000 0.000000
6.378000 0.000000
6.380000 0.000000
6.382000 0.000000
6.384000 0.000000
6.386000 0.000000
6.388000 0.000000
6.390000 0.000000
6.392000 0.000000
6.394001 0.000000
6.396000 0.000000
6.398000 0.000000
6.400000 0.000000
6.402000 0.000000
6.404000 0.000000
6.406000 0.000000
6.408000 0.000000
6.410000 0.000000
6.412000 0.000000
6.414001 0.000000
6.416000 0.000000
6.418000 0.000000
6.420000 -0.000000
6.422000 -0.000000
6.424000 -0.000000
6.426000 -0.000000
6.428000 -0.000000
6.430000 -0.000000
6.432000 -0.000000
6.434000 -0.000000
6.436000 -0.000000
6.438000 -0.000000
6.440001 -0.000000
6.442000 -0.000000
6.444000 -0.000000
6.446000 -0.000000
6.448000 -0.000000
6.450000 -0.000000
6.452000 -0.000000
6.454000 -0.000000
6.456000 -0.000000
6.458000 -0.000000
6.460001 -0.000000
6.462000 -0.000000
6.464000 -0.000000
6.466000 -0.000000
6.468000 -0.000000
6.470000 -0.000000
6.472000 -0.000000
6.474000 -0.000000
6.476000 -0.000000
6.478000 -0.000000
6.480000 -0.000000
6.482000 -0.000000
6.484000 -0.000000
6.486001 -0.000000
6.488000 -0.000000
6.490000 -0.000000
6.492000 -0.000000
6.494000 -0.000000
6.496000 -0.000000
6.498000 -0.000000
6.500000 -0.000000
6.502000 -0.000000
6.504000 -0.000000
6.506001 -0.000000
6.508000 -0.000000
6.510000 -0.000000
6.512000 -0.000000
6.514000 -0.000000
6.516000 -0.000000
6.518000 -0.000000
6.520000 -0.000000
6.522000 -0.000000
6.524000 -0.000000
6.526000 -0.000000
6.528000 -0.000000
6.530000 -0.000000
6.532001 -0.000000
6.534000 -0.000000
6.536000 -0.000000
6.538000 -0.000000
6.540000 -0.000000
6.542000 -0.000000
6.544000 -0.000000
6.546000 -0.000000
6.548000 -0.000000
6.550000 -0.000000
6.552001 -0.000000
6.554000 -0.000000
6.556000 -0.000000
6.558000 -0.000000
6.560000 -0.000000
6.562000 -0.000000
6.564000 -0.000000
6.566000 -0.000000
6.568000 -0.000000
6.570000 -0.000000
6.572001 -0.000000
6.574000 -0.000000
6.576000 -0.000000
6.578001 -0.000000
6.580000 -0.000000
6.582000 -0.000000
6.584000 -0.000000
6.586000 -0.000000
6.588000 -0.000000
6.590000 -0.000000
6.592000 -0.000000
6.594000 -0.000000
6.596000 -0.000000
6.598001 -0.000000
6.600000 -0.000000
6.602000 -0.000000
6.604000 -0.000000
6.606000 -0.000000
6.608000 -0.000000
6.610000 -0.000000
6.612000 -0.000000
6.614000 -0.000000
6.616000 -0.000000
6.618001 -0.000000
6.620000 -0.000000
6.622000 0.000000
6.624001 0.000000
6.626000 0.000000
6.628000 0.000000
6.630000 0.000000
6.632000 0.000000
6.634000 0.000000
6.636000 0.000000
6.638000 0.000000
6.640000 0.000000
6.642000 0.000000
6.644001 0.000000
6.646000 0.000000
6.648000 0.000000
6.650000 0.000000
6.652000 0.000000
6.654000 0.000000
6.656000 0.000000
6.658000 0.000000
6.660000 0.000000
6.662000 0.000000
6.664001 0.000000
6.666000 0.000000
6.668000 0.000000
6.670001 0.000000
6.672000 0.000000
6.674000 0.000000
6.676000 0.000000
6.678000 0.000000
6.680000 0.000000
6.682000 0.000000
6.684000 0.000000
6.686000 0.000000
6.688000 0.000000
6.690001 0.000000
6.692000 0.000000
6.694000 0.000000
6.696000 0.000000
6.698000 0.000000
6.700000 0.000000
6.702000 0.000000
6.704000 0.000000
6.706000 0.000000
6.708000 0.000000
6.710001 0.000000
6.712000 0.000000
6.714000 0.000000
6.716001 0.000000
6.718000 0.000000
6.720000 0.000000
6.722000 0.000000
6.724000 0.000000
6.726000 0.000000
6.728000 0.000000
6.730000 0.000000
6.732000 0.000000
6.734000 0.000000
6.736001 0.000000
6.738000 0.000000
6.740000 0.000000
6.742000 0.000000
6.744000 0.000000
6.746000 0.000000
6.748000 0.000000
6.750000 0.000000
6.752000 0.000000
6.754000 0.000000
6.756001 0.000000
6.758000 0.000000
6.760000 0.000000
6.762000 0.000000
6.764000 0.000000
6.766000 0.000000
6.768000 0.000000
6.770000 0.000000
6.772000 0.000000
6.774000 0.000000
6.776000 0.000000
6.778000 0.000000
6.780000 0.000000
6.782001 0.000000
6.784000 0.000000
6.786000 0.000000
6.788000 0.000000
6.790000 0.000000
6.792000 0.000000
6.794000 0.000000
6.796000 0.000000
6.798000 0.000000
6.800000 0.000000
6.802001 0.000000
6.804000 0.000000
6.806000 0.000000
6.808000 0.000000
6.810000 0.000000
6.812000 0.000000
6.814000 0.000000
6.816000 0.000000
6.818000 0.000000
6.820000 0.000000
6.822001 0.000000
6.824000 -0.000000
6.826000 -0.000000
6.828001 -0.000000
6.830000 -0.000000
6.832000 -0.000000
6.834000 -0.000000
6.836000 -0.000000
6.838000 -0.000000
6.840000 -0.000000
6.842000 -0.000000
6.844000 -0.000000
6.846000 -0.000000
6.848001 -0.000000
6.850000 -0.000000
6.852000 -0.000000
6.854000 -0.000000
6.856000 -0.000000
6.858000 -0.000000
6.860000 -0.000000
6.862000 -0.000000
6.864000 -0.000000
6.866000 -0.000000
6.868001 -0.000000
6.870000 -0.000000
6.872000 -0.000000
6.874001 -0.000000
6.876000 -0.000000
6.878000 -0.000000
6.880000 -0.000000
6.882000 -0.000000
6.884000 -0.000000
6.886000 -0.000000
6.888000 -0.000000
6.890000 -0.000000
6.892000 -0.000000
6.894001 -0.000000
6.896000 -0.000000
6.898000 -0.000000
6.900000 -0.000000
6.902000 -0.000000
6.904000 -0.000000
6.906000 -0.000000
6.908000 -0.000000
6.910000 -0.000000
6.912000 -0.000000
6.914001 -0.000000
6.916000 -0.000000
6.918000 -0.000000
6.920001 -0.000000
6.922000 -0.000000
6.924000 -0.000000
6.926000 -0.000000
6.928000 -0.000000
6.930000 -0.000000
6.932000 -0.000000
6.934000 -0.000000
6.936000 -0.000000
6.938000 -0.000000
6.940001 -0.000000
6.942000 -0.000000
6.944000 -0.000000
6.946000 -0.000000
6.948000 -0.000000
6.950000 -0.000000
6.952000 -0.000000
6.954000 -0.000000
6.956000 -0.000000
6.958000 -0.000000
6.960001 -0.000000
6.962000 -0.000000
6.964000 -0.000000
6.966001 -0.000000
6.968000 -0.000000
6.970000 -0.000000
6.972000 -0.000000
6.974000 -0.000000
6.976000 -0.000000
6.978000 -0.000000
6.980000 -0.000000
6.982000 -0.000000
6.984000 -0.000000
6.986001 -0.000000
6.988000 -0.000000
6.990000 -0.000000
6.992000 -0.000000
6.994000 -0.000000
6.996000 -0.000000
6.998000 -0.000000
7.000000 -0.000000
7.002000 -0.000000
7.004000 -0.000000
7.006001 -0.000000
7.008000 -0.000000
7.010000 -0.000000
7.012001 -0.000000
7.014000 -0.000000
7.016000 -0.000000
7.018000 -0.000000
7.020000 -0.000000
7.022000 -0.000000
7.024000 -0.000000
7.026000 0.000000
7.028000 0.000000
7.030000 0.000000
7.032001 0.000000
7.034000 0.000000
7.036000 0.000000
7.038000 0.000000
7.040000 0.000000
7.042000 0.000000
7.044000 0.000000
7.046000 0.000000
7.048000 0.000000
7.050000 0.000000
7.052001 0.000000
7.054000 0.000000
7.056000 0.000000
7.058001 0.000000
7.060000 0.000000
7.062000 0.000000
7.064000 0.000000
7.066000 0.000000
7.068000 0.000000
7.070000 0.000000
7.072001 0.000000
7.074000 0.000000
7.076000 0.000000
7.078001 0.000000
7.080000 0.000000
7.082000 0.000000
7.084000 0.000000
7.086000 0.000000
7.088000 0.000000
7.090000 0.000000
7.092000 0.000000
7.094000 0.000000
7.096000 0.000000
7.098001 0.000000
7.100000 0.000000
7.102000 0.000000
7.104001 0.000000
7.106000 0.000000
7.108000 0.000000
7.110000 0.000000
7.112000 0.000000
7.114000 0.000000
7.116000 0.000000
7.118001 0.000000
7.120000 0.000000
7.122000 0.000000
7.124001 0.000000
7.126000 0.000000
7.128000 0.000000
7.130000 0.000000
7.132000 0.000000
7.134000 0.000000
7.136000 0.000000
7.138000 0.000000
7.140000 0.000000
7.142000 0.000000
7.144001 0.000000
7.146000 0.000000
7.148000 0.000000
7.150001 0.000000
7.152000 0.000000
7.154000 0.000000
7.156000 0.000000
7.158000 0.000000
7.160000 0.000000
7.162000 0.000000
7.164001 0.000000
7.166000 0.000000
7.168000 0.000000
7.170001 0.000000
7.172000 0.000000
7.174000 0.000000
7.176000 0.000000
7.178000 0.000000
7.180000 0.000000
7.182000 0.000000
7.184000 0.000000
7.186000 0.000000
7.188000 0.000000
7.190001 0.000000
7.192000 0.000000
7.194000 0.000000
7.196001 0.000000
7.198000 0.000000
7.200000 0.000000
7.202000 0.000000
7.204000 0.000000
7.206000 0.000000
7.208000 0.000000
7.210001 0.000000
7.212000 0.000000
7.214000 0.000000
7.216001 0.000000
7.218000 0.000000
7.220000 0.000000
7.222000 0.000000
7.224000 0.000000
7.226000 0.000000
7.228000 -0.000000
7.230000 -0.000000
7.232000 -0.000000
7.234000 -0.000000
7.236001 -0.000000
7.238000 -0.000000
7.240000 -0.000000
7.242001 -0.000000
7.244000 -0.000000
7.246000 -0.000000
7.248000 -0.000000
7.250000 -0.000000
7.252000 -0.000000
7.254000 -0.000000
7.256001 -0.000000
7.258000 -0.000000
7.260000 -0.000000
7.262001 -0.000000
7.264000 -0.000000
7.266000 -0.000000
7.268000 -0.000000
7.270000 -0.000000
7.272000 -0.000000
7.274000 -0.000000
7.276000 -0.000000
7.278000 -0.000000
7.280000 -0.000000
7.282001 -0.000000
7.284000 -0.000000
7.286000 -0.000000
7.288001 -0.000000
7.290000 -0.000000
7.292000 -0.000000
7.294000 -0.000000
7.296000 -0.000000
7.298000 -0.000000
7.300000 -0.000000
7.302001 -0.000000
7.304000 -0.000000
7.306000 -0.000000
7.308001 -0.000000
7.310000 -0.000000
7.312000 -0.000000
7.314000 -0.000000
7.316000 -0.000000
7.318000 -0.000000
7.320000 -0.000000
7.322001 -0.000000
7.324000 -0.000000
7.326000 -0.000000
7.328001 -0.000000
7.330000 -0.000000
7.332000 -0.000000
7.334000 -0.000000
7.336000 -0.000000
7.338000 -0.000000
7.340000 -0.000000
7.342000 -0.000000
7.344000 -0.000000
7.346000 -0.000000
7.348001 -0.000000
7.350000 -0.000000
7.352000 -0.000000
7.354001 -0.000000
7.356000 -0.000000
7.358000 -0.000000
7.360000 -0.000000
7.362000 -0.000000
7.364000 -0.000000
7.366000 -0.000000
7.368001 -0.000000
7.370000 -0.000000
7.372000 -0.000000
7.374001 -0.000000
7.376000 -0.000000
7.378000 -0.000000
7.380000 -0.000000
7.382000 -0.000000
7.384000 -0.000000
7.386000 -0.000000
7.388000 -0.000000
7.390000 -0.000000
7.392000 -0.000000
7.394001 -0.000000
7.396000 -0.000000
7.398000 -0.000000
7.400001 -0.000000
7.402000 -0.000000
7.404000 -0.000000
7.406000 -0.000000
7.408000 -0.000000
7.410000 -0.000000
7.412000 -0.000000
7.414001 -0.000000
7.416000 -0.000000
7.418000 -0.000000
7.420001 -0.000000
7.422000 -0.000000
7.424000 -0.000000
7.426000 -0.000000
7.428000 -0.000000
7.430000 0.000000
7.432000 0.000000
7.434000 0.000000
7.436000 0.000000
7.438000 0.000000
7.440001 0.000000
7.442000 0.000000
7.444000 0.000000
7.446001 0.000000
7.448000 0.000000
7.450000 0.000000
7.452000 0.000000
7.454000 0.000000
7.456000 0.000000
7.458000 0.000000
7.460001 0.000000
7.462000 0.000000
7.464000 0.000000
7.466001 0.000000
7.468000 0.000000
7.470000 0.000000
7.472000 0.000000
7.474000 0.000000
7.476000 0.000000
7.478000 0.000000
7.480000 0.000000
7.482000 0.000000
7.484000 0.000000
7.486001 0.000000
7.488000 0.000000
7.490000 0.000000
7.492001 0.000000
7.494000 0.000000
7.496000 0.000000
7.498000 0.000000
7.500000 0.000000
7.502000 0.000000
7.504000 0.000000
7.506001 0.000000
7.508000 0.000000
7.510000 0.000000
7.512001 0.000000
7.514000 0.000000
7.516000 0.000000
7.518000 0.000000
7.520000 0.000000
7.522000 0.000000
7.524000 0.000000
7.526000 0.000000
7.528000 0.000000
7.530000 0.000000
7.532001 0.000000
7.534000 0.000000
7.536000 0.000000
7.538001 0.000000
7.540000 0.000000
7.542000 0.000000
7.544000 0.000000
7.546000 0.000000
7.548000 0.000000
7.550000 0.000000
7.552001 0.000000
7.554000 0.000000
7.556000 0.000000
7.558001 0.000000
7.560000 0.000000
7.562000 0.000000
7.564000 0.000000
7.566000 0.000000
7.568000 0.000000
7.570000 0.000000
7.572001 0.000000
7.574000 0.000000
7.576000 0.000000
7.578001 0.000000
7.580000 0.000000
7.582000 0.000000
7.584001 0.000000
7.586000 0.000000
7.588000 0.000000
7.590000 0.000000
7.592000 0.000000
7.594000 0.000000
7.596000 0.000000
7.598001 0.000000
7.600000 0.000000
7.602000 0.000000
7.604001 0.000000
7.606000 0.000000
7.608000 0.000000
7.610000 0.000000
7.612000 0.000000
7.614000 0.000000
7.616000 0.000000
7.618001 0.000000
7.620000 0.000000
7.622000 0.000000
7.624001 0.000000
7.626000 0.000000
7.628000 0.000000
7.630001 0.000000
7.632000 -0.000000
7.634000 -0.000000
7.636000 -0.000000
7.638000 -0.000000
7.640000 -0.000000
7.642000 -0.000000
7.644001 -0.000000
7.646000 -0.000000
7.648000 -0.000000
7.650001 -0.000000
7.652000 -0.000000
7.654000 -0.000000
7.656000 -0.000000
7.658000 -0.000000
7.660000 -0.000000
7.662000 -0.000000
7.664001 -0.000000
7.666000 -0.000000
7.668000 -0.000000
7.670001 -0.000000
7.672000 -0.000000
7.674000 -0.000000
7.676001 -0.000000
7.678000 -0.000000
7.680000 -0.000000
7.682000 -0.000000
7.684000 -0.000000
7.686000 -0.000000
7.688000 -0.000000
7.690001 -0.000000
7.692000 -0.000000
7.694000 -0.000000
7.696001 -0.000000
7.698000 -0.000000
7.700000 -0.000000
7.702000 -0.000000
7.704000 -0.000000
7.706000 -0.000000
7.708000 -0.000000
7.710001 -0.000000
7.712000 -0.000000
7.714000 -0.000000
7.716001 -0.000000
7.718000 -0.000000
7.720000 -0.000000
7.722001 -0.000000
7.724000 -0.000000
7.726000 -0.000000
7.728000 -0.000000
7.730000 -0.000000
7.732000 -0.000000
7.734000 -0.000000
7.736001 -0.000000
7.738000 -0.000000
7.740000 -0.000000
7.742001 -0.000000
7.744000 -0.000000
7.746000 -0.000000
7.748000 -0.000000
7.750000 -0.000000
7.752000 -0.000000
7.754000 -0.000000
7.756001 -0.000000
7.758000 -0.000000
7.760000 -0.000000
7.762001 -0.000000
7.764000 -0.000000
7.766000 -0.000000
7.768001 -0.000000
7.770000 -0.000000
7.772000 -0.000000
7.774000 -0.000000
7.776000 -0.000000
7.778000 -0.000000
7.780000 -0.000000
7.782001 -0.000000
7.784000 -0.000000
7.786000 -0.000000
7.788001 -0.000000
7.790000 -0.000000
7.792000 -0.000000
7.794000 -0.000000
7.796000 -0.000000
7.798000 -0.000000
7.800000 -0.000000
7.802001 -0.000000
7.804000 -0.000000
7.806000 -0.000000
7.808001 -0.000000
7.810000 -0.000000
7.812000 -0.000000
7.814001 -0.000000
7.816000 -0.000000
7.818000 -0.000000
7.820000 -0.000000
7.822001 -0.000000
7.824000 -0.000000
7.826000 -0.000000
7.828001 -0.000000
7.830000 -0.000000
7.832000 -0.000000
7.834001 0.000000
7.836000 0.000000
7.838000 0.000000
7.840000 0.000000
7.842000 0.000000
7.844000 0.000000
7.846000 0.000000
7.848001 0.000000
7.850000 0.000000
7.852000 0.000000
7.854001 0.000000
7.856000 0.000000
7.858000 0.000000
7.860001 0.000000
7.862000 0.000000
7.864000 0.000000
7.866000 0.000000
7.868001 0.000000
7.870000 0.000000
7.872000 0.000000
7.874001 0.000000
7.876000 0.000000
7.878000 0.000000
7.880001 0.000000
7.882000 0.000000
7.884000 0.000000
7.886000 0.000000
7.888000 0.000000
7.890000 0.000000
7.892000 0.000000
7.894001 0.000000
7.896000 0.000000
7.898000 0.000000
7.900001 0.000000
7.902000 0.000000
7.904000 0.000000
7.906000 0.000000
7.908000 0.000000
7.910000 0.000000
7.912000 0.000000
7.914001 0.000000
7.916000 0.000000
7.918000 0.000000
7.920001 0.000000
7.922000 0.000000
7.924000 0.000000
7.926001 0.000000
7.928000 0.000000
7.930000 0.000000
7.932000 0.000000
7.934000 0.000000
7.936000 0.000000
7.938000 0.000000
7.940001 0.000000
7.942000 0.000000
7.944000 0.000000
7.946001 0.000000
7.948000 0.000000
7.950000 0.000000
7.952000 0.000000
7.954000 0.000000
7.956000 0.000000
7.958000 0.000000
7.960001 0.000000
7.962000 0.000000
7.964000 0.000000
7.966001 0.000000
7.968000 0.000000
7.970000 0.000000
7.972001 0.000000
7.974000 0.000000
7.976000 0.000000
7.978000 0.000000
7.980000 0.000000
7.982000 0.000000
7.984000 0.000000
7.986001 0.000000
7.988000 0.000000
7.990000 0.000000
7.992001 0.000000
7.994000 0.000000
7.996000 0.000000
7.998000 0.000000
