100.000000 2990.000000
200.000000 2990.000000
300.000000 2990.000000
400.000000 2990.000000
500.000000 2990.000000
600.000000 2990.000000
700.000000 2990.000000
800.000000 2990.000000
900.000000 2990.000000
1000.000000 2990.000000
1100.000000 2990.000000
1200.000000 2990.000000
1300.000000 2990.000000
1400.000000 2990.000000
1500.000000 2990.000000
1600.000000 2990.000000
1700.000000 2990.000000
1800.000000 2990.000000
1900.000000 2990.000000
2000.000000 2990.000000
2100.000000 2990.000000
2200.000000 2990.000000
2300.000000 2990.000000
2400.000000 2990.000000
2500.000000 2990.000000
2600.000000 2990.000000
2700.000000 2990.000000
2800.000000 2990.000000
2900.000000 2990.000000
2990.0 100.0
2990.0 200.0
2990.0 300.0
2990.0 400.0
2990.0 500.0
2990.0 600.0
2990.0 700.0
2990.0 800.0
2990.0 900.0
2990.0 1000.0
2990.0 1100.0
2990.0 1200.0
2990.0 1300.0
2990.0 1400.0
2990.0 1500.0
2990.0 1600.0
2990.0 1700.0
2990.0 1800.0
2990.0 1900.0
2990.0 2000.0
2990.0 2100.0
2990.0 2200.0
2990.0 2300.0
2990.0 2400.0
2990.0 2500.0
2990.0 2600.0
2990.0 2700.0
2990.0 2800.0
