10.000000 480.000000
50.000000 480.000000
90.000000 480.000000
130.000000 480.000000
170.000000 480.000000
210.000000 480.000000
250.000000 480.000000
290.000000 480.000000
330.000000 480.000000
370.000000 480.000000
410.000000 480.000000
450.000000 480.000000
490.000000 480.000000
530.000000 480.000000
570.000000 480.000000
610.000000 480.000000
650.000000 480.000000
690.000000 480.000000
730.000000 480.000000
770.000000 480.000000
810.000000 480.000000
850.000000 480.000000
890.000000 480.000000
930.000000 480.000000
